0.00	0.00E+00	0.00E+00
0.01	-8.58E-05	-8.58E-05
0.02	-4.94E-04	-4.94E-04
0.03	-1.44E-03	-1.44E-03
0.04	-2.96E-03	-2.96E-03
0.05	-5.05E-03	-5.05E-03
0.06	-7.68E-03	-7.68E-03
0.07	-1.08E-02	-1.08E-02
0.08	-1.46E-02	-1.46E-02
0.09	-1.89E-02	-1.89E-02
0.10	-2.39E-02	-2.39E-02
0.11	-2.96E-02	-2.96E-02
0.12	-3.60E-02	-3.60E-02
0.13	-4.31E-02	-4.31E-02
0.14	-5.08E-02	-5.07E-02
0.15	-5.88E-02	-5.88E-02
0.16	-6.72E-02	-6.71E-02
0.17	-7.56E-02	-7.54E-02
0.18	-8.39E-02	-8.37E-02
0.19	-9.20E-02	-9.17E-02
0.20	-9.98E-02	-9.95E-02
0.21	-1.07E-01	-1.07E-01
0.22	-1.14E-01	-1.14E-01
0.23	-1.21E-01	-1.21E-01
0.24	-1.28E-01	-1.27E-01
0.25	-1.35E-01	-1.34E-01
0.26	-1.41E-01	-1.40E-01
0.27	-1.47E-01	-1.46E-01
0.28	-1.53E-01	-1.52E-01
0.29	-1.59E-01	-1.58E-01
0.30	-1.64E-01	-1.63E-01
0.31	-1.70E-01	-1.68E-01
0.32	-1.75E-01	-1.73E-01
0.33	-1.79E-01	-1.78E-01
0.34	-1.83E-01	-1.81E-01
0.35	-1.86E-01	-1.84E-01
0.36	-1.88E-01	-1.86E-01
0.37	-1.88E-01	-1.86E-01
0.38	-1.88E-01	-1.86E-01
0.39	-1.86E-01	-1.84E-01
0.40	-1.83E-01	-1.80E-01
0.41	-1.78E-01	-1.76E-01
0.42	-1.73E-01	-1.71E-01
0.43	-1.68E-01	-1.65E-01
0.44	-1.62E-01	-1.59E-01
0.45	-1.55E-01	-1.52E-01
0.46	-1.48E-01	-1.45E-01
0.47	-1.41E-01	-1.38E-01
0.48	-1.33E-01	-1.30E-01
0.49	-1.24E-01	-1.21E-01
0.50	-1.14E-01	-1.11E-01
0.51	-1.03E-01	-9.99E-02
0.52	-9.13E-02	-8.85E-02
0.53	-7.96E-02	-7.69E-02
0.54	-6.79E-02	-6.52E-02
0.55	-5.62E-02	-5.36E-02
0.56	-4.45E-02	-4.20E-02
0.57	-3.29E-02	-3.05E-02
0.58	-2.16E-02	-1.92E-02
0.59	-1.09E-02	-8.67E-03
0.60	-1.29E-03	7.82E-04
0.61	6.73E-03	8.64E-03
0.62	1.27E-02	1.44E-02
0.63	1.62E-02	1.77E-02
0.64	1.70E-02	1.83E-02
0.65	1.52E-02	1.62E-02
0.66	1.10E-02	1.17E-02
0.67	4.77E-03	5.18E-03
0.68	-3.44E-03	-3.33E-03
0.69	-1.35E-02	-1.37E-02
0.70	-2.51E-02	-2.55E-02
0.71	-3.79E-02	-3.86E-02
0.72	-5.16E-02	-5.26E-02
0.73	-6.58E-02	-6.69E-02
0.74	-7.98E-02	-8.11E-02
0.75	-9.30E-02	-9.45E-02
0.76	-1.05E-01	-1.06E-01
0.77	-1.15E-01	-1.17E-01
0.78	-1.23E-01	-1.25E-01
0.79	-1.28E-01	-1.30E-01
0.80	-1.31E-01	-1.32E-01
0.81	-1.31E-01	-1.32E-01
0.82	-1.28E-01	-1.29E-01
0.83	-1.22E-01	-1.23E-01
0.84	-1.13E-01	-1.15E-01
0.85	-1.02E-01	-1.03E-01
0.86	-8.70E-02	-8.84E-02
0.87	-6.88E-02	-7.02E-02
0.88	-4.71E-02	-4.85E-02
0.89	-2.22E-02	-2.34E-02
0.90	5.82E-03	4.73E-03
0.91	3.65E-02	3.55E-02
0.92	6.94E-02	6.86E-02
0.93	1.04E-01	1.04E-01
0.94	1.41E-01	1.40E-01
0.95	1.78E-01	1.78E-01
0.96	2.15E-01	2.15E-01
0.97	2.53E-01	2.53E-01
0.98	2.91E-01	2.91E-01
0.99	3.28E-01	3.28E-01
1.00	3.64E-01	3.64E-01
1.01	3.99E-01	3.99E-01
1.02	4.33E-01	4.33E-01
1.03	4.65E-01	4.65E-01
1.04	4.96E-01	4.96E-01
1.05	5.26E-01	5.26E-01
1.06	5.56E-01	5.55E-01
1.07	5.85E-01	5.84E-01
1.08	6.13E-01	6.12E-01
1.09	6.41E-01	6.39E-01
1.10	6.68E-01	6.66E-01
1.11	6.94E-01	6.91E-01
1.12	7.18E-01	7.15E-01
1.13	7.39E-01	7.36E-01
1.14	7.58E-01	7.54E-01
1.15	7.74E-01	7.69E-01
1.16	7.85E-01	7.80E-01
1.17	7.89E-01	7.84E-01
1.18	7.86E-01	7.80E-01
1.19	7.73E-01	7.66E-01
1.20	7.49E-01	7.41E-01
1.21	7.13E-01	7.05E-01
1.22	6.66E-01	6.57E-01
1.23	6.09E-01	5.99E-01
1.24	5.41E-01	5.30E-01
1.25	4.63E-01	4.52E-01
1.26	3.78E-01	3.66E-01
1.27	2.86E-01	2.74E-01
1.28	1.90E-01	1.78E-01
1.29	9.14E-02	7.90E-02
1.30	-7.39E-03	-1.97E-02
1.31	-1.04E-01	-1.16E-01
1.32	-1.97E-01	-2.08E-01
1.33	-2.83E-01	-2.94E-01
1.34	-3.61E-01	-3.72E-01
1.35	-4.30E-01	-4.40E-01
1.36	-4.89E-01	-4.98E-01
1.37	-5.36E-01	-5.45E-01
1.38	-5.71E-01	-5.79E-01
1.39	-5.94E-01	-6.00E-01
1.40	-6.04E-01	-6.09E-01
1.41	-6.00E-01	-6.04E-01
1.42	-5.83E-01	-5.86E-01
1.43	-5.51E-01	-5.53E-01
1.44	-5.06E-01	-5.07E-01
1.45	-4.49E-01	-4.48E-01
1.46	-3.79E-01	-3.78E-01
1.47	-3.00E-01	-2.96E-01
1.48	-2.10E-01	-2.06E-01
1.49	-1.13E-01	-1.07E-01
1.50	-7.86E-03	-4.67E-04
1.51	1.04E-01	1.12E-01
1.52	2.21E-01	2.31E-01
1.53	3.42E-01	3.53E-01
1.54	4.66E-01	4.79E-01
1.55	5.92E-01	6.05E-01
1.56	7.16E-01	7.30E-01
1.57	8.40E-01	8.54E-01
1.58	9.60E-01	9.74E-01
1.59	1.08E+00	1.09E+00
1.60	1.19E+00	1.20E+00
1.61	1.30E+00	1.31E+00
1.62	1.40E+00	1.41E+00
1.63	1.49E+00	1.50E+00
1.64	1.56E+00	1.57E+00
1.65	1.61E+00	1.62E+00
1.66	1.64E+00	1.65E+00
1.67	1.64E+00	1.65E+00
1.68	1.62E+00	1.62E+00
1.69	1.57E+00	1.57E+00
1.70	1.50E+00	1.49E+00
1.71	1.39E+00	1.39E+00
1.72	1.26E+00	1.25E+00
1.73	1.10E+00	1.09E+00
1.74	9.19E-01	9.07E-01
1.75	7.12E-01	6.98E-01
1.76	4.85E-01	4.68E-01
1.77	2.41E-01	2.22E-01
1.78	-1.63E-02	-3.65E-02
1.79	-2.82E-01	-3.04E-01
1.80	-5.54E-01	-5.77E-01
1.81	-8.28E-01	-8.52E-01
1.82	-1.10E+00	-1.13E+00
1.83	-1.37E+00	-1.39E+00
1.84	-1.63E+00	-1.66E+00
1.85	-1.88E+00	-1.91E+00
1.86	-2.12E+00	-2.15E+00
1.87	-2.35E+00	-2.37E+00
1.88	-2.56E+00	-2.58E+00
1.89	-2.75E+00	-2.77E+00
1.90	-2.92E+00	-2.94E+00
1.91	-3.07E+00	-3.09E+00
1.92	-3.20E+00	-3.21E+00
1.93	-3.30E+00	-3.31E+00
1.94	-3.38E+00	-3.38E+00
1.95	-3.43E+00	-3.43E+00
1.96	-3.45E+00	-3.45E+00
1.97	-3.44E+00	-3.44E+00
1.98	-3.40E+00	-3.40E+00
1.99	-3.33E+00	-3.32E+00
2.00	-3.22E+00	-3.21E+00
2.01	-3.08E+00	-3.07E+00
2.02	-2.89E+00	-2.89E+00
2.03	-2.68E+00	-2.67E+00
2.04	-2.42E+00	-2.41E+00
2.05	-2.13E+00	-2.12E+00
2.06	-1.81E+00	-1.80E+00
2.07	-1.46E+00	-1.45E+00
2.08	-1.09E+00	-1.08E+00
2.09	-6.88E-01	-6.78E-01
2.10	-2.67E-01	-2.59E-01
2.11	1.69E-01	1.75E-01
2.12	6.18E-01	6.22E-01
2.13	1.08E+00	1.08E+00
2.14	1.54E+00	1.53E+00
2.15	2.00E+00	1.99E+00
2.16	2.45E+00	2.44E+00
2.17	2.89E+00	2.87E+00
2.18	3.30E+00	3.28E+00
2.19	3.68E+00	3.65E+00
2.20	4.03E+00	3.99E+00
2.21	4.33E+00	4.29E+00
2.22	4.59E+00	4.55E+00
2.23	4.82E+00	4.77E+00
2.24	4.99E+00	4.95E+00
2.25	5.13E+00	5.09E+00
2.26	5.22E+00	5.18E+00
2.27	5.26E+00	5.23E+00
2.28	5.26E+00	5.23E+00
2.29	5.21E+00	5.19E+00
2.30	5.12E+00	5.10E+00
2.31	5.00E+00	4.98E+00
2.32	4.83E+00	4.83E+00
2.33	4.64E+00	4.65E+00
2.34	4.43E+00	4.44E+00
2.35	4.20E+00	4.22E+00
2.36	3.95E+00	3.98E+00
2.37	3.70E+00	3.74E+00
2.38	3.44E+00	3.49E+00
2.39	3.18E+00	3.24E+00
2.40	2.92E+00	2.99E+00
2.41	2.67E+00	2.75E+00
2.42	2.42E+00	2.51E+00
2.43	2.17E+00	2.27E+00
2.44	1.92E+00	2.03E+00
2.45	1.66E+00	1.78E+00
2.46	1.39E+00	1.53E+00
2.47	1.11E+00	1.26E+00
2.48	8.30E-01	9.86E-01
2.49	5.38E-01	7.04E-01
2.50	2.41E-01	4.15E-01
2.51	-5.89E-02	1.23E-01
2.52	-3.58E-01	-1.68E-01
2.53	-6.52E-01	-4.55E-01
2.54	-9.33E-01	-7.29E-01
2.55	-1.20E+00	-9.87E-01
2.56	-1.44E+00	-1.22E+00
2.57	-1.66E+00	-1.44E+00
2.58	-1.86E+00	-1.64E+00
2.59	-2.03E+00	-1.82E+00
2.60	-2.19E+00	-1.97E+00
2.61	-2.32E+00	-2.10E+00
2.62	-2.42E+00	-2.22E+00
2.63	-2.51E+00	-2.31E+00
2.64	-2.57E+00	-2.38E+00
2.65	-2.61E+00	-2.43E+00
2.66	-2.64E+00	-2.46E+00
2.67	-2.64E+00	-2.48E+00
2.68	-2.63E+00	-2.48E+00
2.69	-2.61E+00	-2.47E+00
2.70	-2.57E+00	-2.44E+00
2.71	-2.52E+00	-2.41E+00
2.72	-2.45E+00	-2.36E+00
2.73	-2.37E+00	-2.30E+00
2.74	-2.28E+00	-2.22E+00
2.75	-2.17E+00	-2.13E+00
2.76	-2.04E+00	-2.02E+00
2.77	-1.90E+00	-1.89E+00
2.78	-1.73E+00	-1.74E+00
2.79	-1.53E+00	-1.57E+00
2.80	-1.32E+00	-1.37E+00
2.81	-1.09E+00	-1.16E+00
2.82	-8.40E-01	-9.25E-01
2.83	-5.78E-01	-6.80E-01
2.84	-3.08E-01	-4.28E-01
2.85	-3.68E-02	-1.72E-01
2.86	2.31E-01	8.12E-02
2.87	4.92E-01	3.28E-01
2.88	7.40E-01	5.64E-01
2.89	9.72E-01	7.86E-01
2.90	1.19E+00	9.91E-01
2.91	1.38E+00	1.18E+00
2.92	1.55E+00	1.34E+00
2.93	1.70E+00	1.49E+00
2.94	1.84E+00	1.62E+00
2.95	1.95E+00	1.73E+00
2.96	2.04E+00	1.83E+00
2.97	2.13E+00	1.91E+00
2.98	2.20E+00	1.98E+00
2.99	2.26E+00	2.05E+00
3.00	2.32E+00	2.11E+00
3.01	2.37E+00	2.17E+00
3.02	2.41E+00	2.22E+00
3.03	2.44E+00	2.26E+00
3.04	2.45E+00	2.28E+00
3.05	2.45E+00	2.29E+00
3.06	2.43E+00	2.28E+00
3.07	2.40E+00	2.26E+00
3.08	2.34E+00	2.21E+00
3.09	2.26E+00	2.14E+00
3.10	2.16E+00	2.06E+00
3.11	2.04E+00	1.95E+00
3.12	1.90E+00	1.83E+00
3.13	1.75E+00	1.69E+00
3.14	1.59E+00	1.54E+00
3.15	1.42E+00	1.39E+00
3.16	1.25E+00	1.23E+00
3.17	1.08E+00	1.07E+00
3.18	9.17E-01	9.25E-01
3.19	7.66E-01	7.87E-01
3.20	6.26E-01	6.58E-01
3.21	4.96E-01	5.39E-01
3.22	3.75E-01	4.29E-01
3.23	2.65E-01	3.28E-01
3.24	1.65E-01	2.36E-01
3.25	7.44E-02	1.53E-01
3.26	-7.23E-03	7.70E-02
3.27	-8.18E-02	6.64E-03
3.28	-1.50E-01	-5.82E-02
3.29	-2.11E-01	-1.17E-01
3.30	-2.64E-01	-1.70E-01
3.31	-3.10E-01	-2.16E-01
3.32	-3.45E-01	-2.53E-01
3.33	-3.69E-01	-2.78E-01
3.34	-3.83E-01	-2.95E-01
3.35	-3.93E-01	-3.09E-01
3.36	-3.99E-01	-3.19E-01
3.37	-3.99E-01	-3.25E-01
3.38	-3.91E-01	-3.23E-01
3.39	-3.75E-01	-3.13E-01
3.40	-3.50E-01	-2.96E-01
3.41	-3.19E-01	-2.73E-01
3.42	-2.82E-01	-2.45E-01
3.43	-2.40E-01	-2.13E-01
3.44	-1.95E-01	-1.79E-01
3.45	-1.48E-01	-1.42E-01
3.46	-1.02E-01	-1.08E-01
3.47	-6.28E-02	-8.10E-02
3.48	-3.14E-02	-6.16E-02
3.49	-7.66E-03	-4.99E-02
3.50	9.66E-03	-4.43E-02
3.51	2.19E-02	-4.32E-02
3.52	2.96E-02	-4.62E-02
3.53	3.27E-02	-5.31E-02
3.54	3.21E-02	-6.28E-02
3.55	2.90E-02	-7.42E-02
3.56	2.45E-02	-8.62E-02
3.57	2.01E-02	-9.72E-02
3.58	1.73E-02	-1.06E-01
3.59	1.77E-02	-1.10E-01
3.60	2.23E-02	-1.10E-01
3.61	3.06E-02	-1.05E-01
3.62	4.14E-02	-9.68E-02
3.63	5.26E-02	-8.75E-02
3.64	6.38E-02	-7.76E-02
3.65	7.45E-02	-6.74E-02
3.66	8.43E-02	-5.74E-02
3.67	9.27E-02	-4.80E-02
3.68	1.00E-01	-3.87E-02
3.69	1.07E-01	-2.89E-02
3.70	1.14E-01	-1.77E-02
3.71	1.23E-01	-4.42E-03
3.72	1.34E-01	1.21E-02
3.73	1.48E-01	3.28E-02
3.74	1.66E-01	5.84E-02
3.75	1.89E-01	8.96E-02
3.76	2.17E-01	1.27E-01
3.77	2.51E-01	1.70E-01
3.78	2.91E-01	2.19E-01
3.79	3.34E-01	2.73E-01
3.80	3.82E-01	3.30E-01
3.81	4.31E-01	3.90E-01
3.82	4.82E-01	4.50E-01
3.83	5.33E-01	5.09E-01
3.84	5.82E-01	5.67E-01
3.85	6.29E-01	6.22E-01
3.86	6.72E-01	6.74E-01
3.87	7.12E-01	7.20E-01
3.88	7.47E-01	7.62E-01
3.89	7.79E-01	8.00E-01
3.90	8.09E-01	8.35E-01
3.91	8.37E-01	8.68E-01
3.92	8.66E-01	9.02E-01
3.93	8.97E-01	9.37E-01
3.94	9.33E-01	9.76E-01
3.95	9.75E-01	1.02E+00
3.96	1.02E+00	1.07E+00
3.97	1.08E+00	1.13E+00
3.98	1.14E+00	1.19E+00
3.99	1.20E+00	1.25E+00
4.00	1.26E+00	1.31E+00
4.01	1.32E+00	1.37E+00
4.02	1.38E+00	1.42E+00
4.03	1.42E+00	1.46E+00
4.04	1.47E+00	1.50E+00
4.05	1.50E+00	1.53E+00
4.06	1.52E+00	1.54E+00
4.07	1.52E+00	1.54E+00
4.08	1.51E+00	1.52E+00
4.09	1.49E+00	1.48E+00
4.10	1.45E+00	1.43E+00
4.11	1.39E+00	1.37E+00
4.12	1.33E+00	1.30E+00
4.13	1.26E+00	1.22E+00
4.14	1.19E+00	1.14E+00
4.15	1.11E+00	1.06E+00
4.16	1.04E+00	9.74E-01
4.17	9.64E-01	8.94E-01
4.18	8.96E-01	8.19E-01
4.19	8.34E-01	7.51E-01
4.20	7.79E-01	6.89E-01
4.21	7.32E-01	6.36E-01
4.22	6.94E-01	5.92E-01
4.23	6.64E-01	5.57E-01
4.24	6.44E-01	5.31E-01
4.25	6.32E-01	5.14E-01
4.26	6.28E-01	5.07E-01
4.27	6.33E-01	5.08E-01
4.28	6.45E-01	5.18E-01
4.29	6.65E-01	5.35E-01
4.30	6.92E-01	5.62E-01
4.31	7.27E-01	5.97E-01
4.32	7.71E-01	6.43E-01
4.33	8.24E-01	6.97E-01
4.34	8.84E-01	7.61E-01
4.35	9.49E-01	8.30E-01
4.36	1.01E+00	9.00E-01
4.37	1.07E+00	9.64E-01
4.38	1.12E+00	1.02E+00
4.39	1.17E+00	1.07E+00
4.40	1.21E+00	1.11E+00
4.41	1.23E+00	1.15E+00
4.42	1.25E+00	1.17E+00
4.43	1.25E+00	1.17E+00
4.44	1.23E+00	1.16E+00
4.45	1.19E+00	1.13E+00
4.46	1.14E+00	1.08E+00
4.47	1.06E+00	1.01E+00
4.48	9.57E-01	9.17E-01
4.49	8.37E-01	8.03E-01
4.50	6.98E-01	6.71E-01
4.51	5.45E-01	5.24E-01
4.52	3.79E-01	3.65E-01
4.53	2.04E-01	1.97E-01
4.54	2.23E-02	2.11E-02
4.55	-1.64E-01	-1.59E-01
4.56	-3.51E-01	-3.40E-01
4.57	-5.36E-01	-5.20E-01
4.58	-7.16E-01	-6.95E-01
4.59	-8.87E-01	-8.62E-01
4.60	-1.05E+00	-1.02E+00
4.61	-1.19E+00	-1.16E+00
4.62	-1.32E+00	-1.28E+00
4.63	-1.42E+00	-1.39E+00
4.64	-1.50E+00	-1.47E+00
4.65	-1.56E+00	-1.52E+00
4.66	-1.59E+00	-1.55E+00
4.67	-1.59E+00	-1.56E+00
4.68	-1.57E+00	-1.54E+00
4.69	-1.53E+00	-1.50E+00
4.70	-1.47E+00	-1.43E+00
4.71	-1.39E+00	-1.36E+00
4.72	-1.29E+00	-1.26E+00
4.73	-1.17E+00	-1.14E+00
4.74	-1.03E+00	-1.01E+00
4.75	-8.86E-01	-8.67E-01
4.76	-7.26E-01	-7.11E-01
4.77	-5.55E-01	-5.44E-01
4.78	-3.75E-01	-3.68E-01
4.79	-1.84E-01	-1.83E-01
4.80	1.58E-02	1.23E-02
4.81	2.27E-01	2.18E-01
4.82	4.50E-01	4.35E-01
4.83	6.87E-01	6.66E-01
4.84	9.34E-01	9.07E-01
4.85	1.19E+00	1.15E+00
4.86	1.44E+00	1.40E+00
4.87	1.68E+00	1.63E+00
4.88	1.91E+00	1.85E+00
4.89	2.12E+00	2.06E+00
4.90	2.31E+00	2.24E+00
4.91	2.48E+00	2.41E+00
4.92	2.62E+00	2.55E+00
4.93	2.74E+00	2.65E+00
4.94	2.82E+00	2.73E+00
4.95	2.86E+00	2.77E+00
4.96	2.87E+00	2.78E+00
4.97	2.85E+00	2.74E+00
4.98	2.78E+00	2.67E+00
4.99	2.67E+00	2.56E+00
5.00	2.53E+00	2.42E+00
5.01	2.37E+00	2.25E+00
5.02	2.17E+00	2.05E+00
5.03	1.96E+00	1.84E+00
5.04	1.73E+00	1.61E+00
5.05	1.48E+00	1.36E+00
5.06	1.22E+00	1.10E+00
5.07	9.57E-01	8.38E-01
5.08	6.84E-01	5.66E-01
5.09	4.06E-01	2.91E-01
5.10	1.27E-01	1.57E-02
5.11	-1.50E-01	-2.58E-01
5.12	-4.24E-01	-5.28E-01
5.13	-6.94E-01	-7.93E-01
5.14	-9.60E-01	-1.05E+00
5.15	-1.22E+00	-1.31E+00
5.16	-1.48E+00	-1.56E+00
5.17	-1.73E+00	-1.80E+00
5.18	-1.97E+00	-2.03E+00
5.19	-2.19E+00	-2.25E+00
5.20	-2.40E+00	-2.45E+00
5.21	-2.60E+00	-2.64E+00
5.22	-2.77E+00	-2.80E+00
5.23	-2.91E+00	-2.94E+00
5.24	-3.03E+00	-3.05E+00
5.25	-3.13E+00	-3.14E+00
5.26	-3.19E+00	-3.20E+00
5.27	-3.23E+00	-3.24E+00
5.28	-3.24E+00	-3.24E+00
5.29	-3.22E+00	-3.23E+00
5.30	-3.18E+00	-3.19E+00
5.31	-3.12E+00	-3.13E+00
5.32	-3.04E+00	-3.05E+00
5.33	-2.93E+00	-2.94E+00
5.34	-2.81E+00	-2.82E+00
5.35	-2.66E+00	-2.68E+00
5.36	-2.50E+00	-2.53E+00
5.37	-2.33E+00	-2.36E+00
5.38	-2.14E+00	-2.17E+00
5.39	-1.93E+00	-1.98E+00
5.40	-1.72E+00	-1.77E+00
5.41	-1.49E+00	-1.56E+00
5.42	-1.25E+00	-1.33E+00
5.43	-9.96E-01	-1.08E+00
5.44	-7.29E-01	-8.27E-01
5.45	-4.48E-01	-5.59E-01
5.46	-1.57E-01	-2.81E-01
5.47	1.40E-01	4.34E-03
5.48	4.41E-01	2.92E-01
5.49	7.42E-01	5.80E-01
5.50	1.04E+00	8.64E-01
5.51	1.33E+00	1.14E+00
5.52	1.61E+00	1.41E+00
5.53	1.87E+00	1.66E+00
5.54	2.12E+00	1.90E+00
5.55	2.35E+00	2.12E+00
5.56	2.56E+00	2.32E+00
5.57	2.75E+00	2.50E+00
5.58	2.92E+00	2.66E+00
5.59	3.06E+00	2.79E+00
5.60	3.17E+00	2.90E+00
5.61	3.27E+00	2.99E+00
5.62	3.35E+00	3.07E+00
5.63	3.41E+00	3.13E+00
5.64	3.46E+00	3.18E+00
5.65	3.49E+00	3.22E+00
5.66	3.52E+00	3.25E+00
5.67	3.53E+00	3.27E+00
5.68	3.52E+00	3.28E+00
5.69	3.50E+00	3.27E+00
5.70	3.46E+00	3.25E+00
5.71	3.40E+00	3.20E+00
5.72	3.32E+00	3.14E+00
5.73	3.22E+00	3.06E+00
5.74	3.10E+00	2.96E+00
5.75	2.96E+00	2.84E+00
5.76	2.80E+00	2.70E+00
5.77	2.61E+00	2.54E+00
5.78	2.41E+00	2.36E+00
5.79	2.19E+00	2.16E+00
5.80	1.95E+00	1.94E+00
5.81	1.69E+00	1.71E+00
5.82	1.42E+00	1.46E+00
5.83	1.15E+00	1.21E+00
5.84	8.72E-01	9.55E-01
5.85	5.97E-01	7.01E-01
5.86	3.26E-01	4.51E-01
5.87	6.20E-02	2.06E-01
5.88	-1.93E-01	-3.16E-02
5.89	-4.38E-01	-2.60E-01
5.90	-6.71E-01	-4.79E-01
5.91	-8.92E-01	-6.87E-01
5.92	-1.10E+00	-8.83E-01
5.93	-1.29E+00	-1.07E+00
5.94	-1.47E+00	-1.24E+00
5.95	-1.63E+00	-1.39E+00
5.96	-1.77E+00	-1.53E+00
5.97	-1.89E+00	-1.65E+00
5.98	-1.99E+00	-1.75E+00
5.99	-2.07E+00	-1.83E+00
6.00	-2.12E+00	-1.88E+00
6.01	-2.15E+00	-1.92E+00
6.02	-2.16E+00	-1.94E+00
6.03	-2.15E+00	-1.93E+00
6.04	-2.11E+00	-1.90E+00
6.05	-2.04E+00	-1.84E+00
6.06	-1.95E+00	-1.77E+00
6.07	-1.84E+00	-1.67E+00
6.08	-1.71E+00	-1.55E+00
6.09	-1.55E+00	-1.41E+00
6.10	-1.38E+00	-1.26E+00
6.11	-1.19E+00	-1.09E+00
6.12	-9.98E-01	-9.10E-01
6.13	-7.93E-01	-7.25E-01
6.14	-5.82E-01	-5.33E-01
6.15	-3.66E-01	-3.38E-01
6.16	-1.48E-01	-1.39E-01
6.17	7.24E-02	6.17E-02
6.18	2.94E-01	2.64E-01
6.19	5.15E-01	4.67E-01
6.20	7.35E-01	6.69E-01
6.21	9.52E-01	8.70E-01
6.22	1.17E+00	1.07E+00
6.23	1.38E+00	1.27E+00
6.24	1.58E+00	1.46E+00
6.25	1.78E+00	1.64E+00
6.26	1.97E+00	1.82E+00
6.27	2.14E+00	1.99E+00
6.28	2.31E+00	2.14E+00
6.29	2.45E+00	2.28E+00
6.30	2.58E+00	2.40E+00
6.31	2.69E+00	2.51E+00
6.32	2.78E+00	2.59E+00
6.33	2.84E+00	2.65E+00
6.34	2.88E+00	2.69E+00
6.35	2.89E+00	2.71E+00
6.36	2.88E+00	2.70E+00
6.37	2.85E+00	2.67E+00
6.38	2.79E+00	2.62E+00
6.39	2.72E+00	2.55E+00
6.40	2.62E+00	2.46E+00
6.41	2.51E+00	2.36E+00
6.42	2.38E+00	2.24E+00
6.43	2.24E+00	2.11E+00
6.44	2.08E+00	1.97E+00
6.45	1.92E+00	1.82E+00
6.46	1.75E+00	1.66E+00
6.47	1.56E+00	1.50E+00
6.48	1.38E+00	1.33E+00
6.49	1.18E+00	1.15E+00
6.50	9.78E-01	9.60E-01
6.51	7.72E-01	7.69E-01
6.52	5.61E-01	5.73E-01
6.53	3.48E-01	3.75E-01
6.54	1.34E-01	1.76E-01
6.55	-7.96E-02	-2.41E-02
6.56	-2.91E-01	-2.22E-01
6.57	-4.98E-01	-4.15E-01
6.58	-6.97E-01	-6.02E-01
6.59	-8.86E-01	-7.79E-01
6.60	-1.06E+00	-9.44E-01
6.61	-1.22E+00	-1.09E+00
6.62	-1.37E+00	-1.23E+00
6.63	-1.49E+00	-1.34E+00
6.64	-1.59E+00	-1.43E+00
6.65	-1.67E+00	-1.51E+00
6.66	-1.73E+00	-1.56E+00
6.67	-1.77E+00	-1.60E+00
6.68	-1.79E+00	-1.62E+00
6.69	-1.79E+00	-1.61E+00
6.70	-1.76E+00	-1.59E+00
6.71	-1.72E+00	-1.55E+00
6.72	-1.67E+00	-1.50E+00
6.73	-1.59E+00	-1.43E+00
6.74	-1.50E+00	-1.35E+00
6.75	-1.40E+00	-1.25E+00
6.76	-1.29E+00	-1.15E+00
6.77	-1.16E+00	-1.03E+00
6.78	-1.03E+00	-9.01E-01
6.79	-8.77E-01	-7.63E-01
6.80	-7.17E-01	-6.13E-01
6.81	-5.46E-01	-4.54E-01
6.82	-3.65E-01	-2.84E-01
6.83	-1.74E-01	-1.06E-01
6.84	2.57E-02	8.15E-02
6.85	2.34E-01	2.77E-01
6.86	4.48E-01	4.78E-01
6.87	6.67E-01	6.84E-01
6.88	8.87E-01	8.90E-01
6.89	1.10E+00	1.09E+00
6.90	1.32E+00	1.29E+00
6.91	1.52E+00	1.48E+00
6.92	1.71E+00	1.66E+00
6.93	1.88E+00	1.82E+00
6.94	2.04E+00	1.97E+00
6.95	2.19E+00	2.10E+00
6.96	2.31E+00	2.22E+00
6.97	2.42E+00	2.31E+00
6.98	2.50E+00	2.39E+00
6.99	2.57E+00	2.45E+00
7.00	2.61E+00	2.48E+00
7.01	2.63E+00	2.50E+00
7.02	2.63E+00	2.50E+00
7.03	2.62E+00	2.48E+00
7.04	2.58E+00	2.44E+00
7.05	2.52E+00	2.38E+00
7.06	2.45E+00	2.31E+00
7.07	2.36E+00	2.22E+00
7.08	2.25E+00	2.12E+00
7.09	2.13E+00	2.00E+00
7.10	2.00E+00	1.87E+00
7.11	1.85E+00	1.73E+00
7.12	1.70E+00	1.58E+00
7.13	1.53E+00	1.42E+00
7.14	1.36E+00	1.26E+00
7.15	1.18E+00	1.09E+00
7.16	1.00E+00	9.19E-01
7.17	8.18E-01	7.46E-01
7.18	6.33E-01	5.72E-01
7.19	4.48E-01	3.99E-01
7.20	2.65E-01	2.28E-01
7.21	8.48E-02	6.08E-02
7.22	-9.00E-02	-1.01E-01
7.23	-2.58E-01	-2.56E-01
7.24	-4.18E-01	-4.02E-01
7.25	-5.68E-01	-5.40E-01
7.26	-7.10E-01	-6.69E-01
7.27	-8.40E-01	-7.87E-01
7.28	-9.59E-01	-8.95E-01
7.29	-1.07E+00	-9.91E-01
7.30	-1.16E+00	-1.07E+00
7.31	-1.24E+00	-1.14E+00
7.32	-1.31E+00	-1.20E+00
7.33	-1.35E+00	-1.24E+00
7.34	-1.39E+00	-1.27E+00
7.35	-1.40E+00	-1.28E+00
7.36	-1.40E+00	-1.27E+00
7.37	-1.38E+00	-1.24E+00
7.38	-1.34E+00	-1.20E+00
7.39	-1.28E+00	-1.14E+00
7.40	-1.21E+00	-1.06E+00
7.41	-1.12E+00	-9.75E-01
7.42	-1.02E+00	-8.72E-01
7.43	-9.00E-01	-7.56E-01
7.44	-7.68E-01	-6.27E-01
7.45	-6.25E-01	-4.87E-01
7.46	-4.70E-01	-3.37E-01
7.47	-3.07E-01	-1.79E-01
7.48	-1.37E-01	-1.60E-02
7.49	3.77E-02	1.50E-01
7.50	2.14E-01	3.18E-01
7.51	3.91E-01	4.85E-01
7.52	5.67E-01	6.51E-01
7.53	7.41E-01	8.14E-01
7.54	9.11E-01	9.72E-01
7.55	1.08E+00	1.13E+00
7.56	1.23E+00	1.27E+00
7.57	1.38E+00	1.41E+00
7.58	1.53E+00	1.54E+00
7.59	1.66E+00	1.66E+00
7.60	1.78E+00	1.77E+00
7.61	1.89E+00	1.87E+00
7.62	1.99E+00	1.96E+00
7.63	2.08E+00	2.03E+00
7.64	2.15E+00	2.10E+00
7.65	2.21E+00	2.15E+00
7.66	2.26E+00	2.19E+00
7.67	2.30E+00	2.22E+00
7.68	2.33E+00	2.23E+00
7.69	2.34E+00	2.24E+00
7.70	2.34E+00	2.23E+00
7.71	2.32E+00	2.21E+00
7.72	2.30E+00	2.18E+00
7.73	2.26E+00	2.13E+00
7.74	2.21E+00	2.08E+00
7.75	2.15E+00	2.02E+00
7.76	2.08E+00	1.95E+00
7.77	2.00E+00	1.87E+00
7.78	1.91E+00	1.78E+00
7.79	1.81E+00	1.69E+00
7.80	1.70E+00	1.58E+00
7.81	1.59E+00	1.47E+00
7.82	1.46E+00	1.35E+00
7.83	1.33E+00	1.22E+00
7.84	1.19E+00	1.09E+00
7.85	1.04E+00	9.48E-01
7.86	8.86E-01	8.03E-01
7.87	7.27E-01	6.54E-01
7.88	5.64E-01	5.01E-01
7.89	3.99E-01	3.46E-01
7.90	2.31E-01	1.89E-01
7.91	6.27E-02	3.18E-02
7.92	-1.04E-01	-1.24E-01
7.93	-2.68E-01	-2.76E-01
7.94	-4.28E-01	-4.24E-01
7.95	-5.81E-01	-5.65E-01
7.96	-7.26E-01	-6.98E-01
7.97	-8.59E-01	-8.20E-01
7.98	-9.80E-01	-9.29E-01
7.99	-1.09E+00	-1.02E+00
8.00	-1.18E+00	-1.10E+00
8.01	-1.25E+00	-1.17E+00
8.02	-1.32E+00	-1.22E+00
8.03	-1.37E+00	-1.26E+00
8.04	-1.40E+00	-1.29E+00
8.05	-1.42E+00	-1.30E+00
8.06	-1.42E+00	-1.30E+00
8.07	-1.41E+00	-1.29E+00
8.08	-1.39E+00	-1.26E+00
8.09	-1.36E+00	-1.22E+00
8.10	-1.31E+00	-1.17E+00
8.11	-1.25E+00	-1.11E+00
8.12	-1.18E+00	-1.04E+00
8.13	-1.10E+00	-9.65E-01
8.14	-1.02E+00	-8.79E-01
8.15	-9.18E-01	-7.84E-01
8.16	-8.11E-01	-6.80E-01
8.17	-6.95E-01	-5.69E-01
8.18	-5.71E-01	-4.50E-01
8.19	-4.40E-01	-3.26E-01
8.20	-3.04E-01	-1.96E-01
8.21	-1.63E-01	-6.31E-02
8.22	-1.89E-02	7.23E-02
8.23	1.27E-01	2.09E-01
8.24	2.73E-01	3.45E-01
8.25	4.18E-01	4.80E-01
8.26	5.62E-01	6.13E-01
8.27	7.03E-01	7.43E-01
8.28	8.40E-01	8.68E-01
8.29	9.71E-01	9.88E-01
8.30	1.10E+00	1.10E+00
8.31	1.22E+00	1.21E+00
8.32	1.33E+00	1.31E+00
8.33	1.43E+00	1.40E+00
8.34	1.53E+00	1.49E+00
8.35	1.62E+00	1.57E+00
8.36	1.70E+00	1.64E+00
8.37	1.77E+00	1.70E+00
8.38	1.84E+00	1.76E+00
8.39	1.89E+00	1.81E+00
8.40	1.94E+00	1.85E+00
8.41	1.98E+00	1.88E+00
8.42	2.00E+00	1.90E+00
8.43	2.02E+00	1.91E+00
8.44	2.02E+00	1.91E+00
8.45	2.01E+00	1.90E+00
8.46	1.99E+00	1.88E+00
8.47	1.96E+00	1.84E+00
8.48	1.91E+00	1.79E+00
8.49	1.85E+00	1.74E+00
8.50	1.78E+00	1.67E+00
8.51	1.70E+00	1.59E+00
8.52	1.61E+00	1.50E+00
8.53	1.50E+00	1.40E+00
8.54	1.38E+00	1.28E+00
8.55	1.24E+00	1.15E+00
8.56	1.09E+00	1.01E+00
8.57	9.32E-01	8.57E-01
8.58	7.61E-01	6.94E-01
8.59	5.80E-01	5.22E-01
8.60	3.91E-01	3.43E-01
8.61	1.95E-01	1.57E-01
8.62	-6.66E-03	-3.45E-02
8.63	-2.12E-01	-2.29E-01
8.64	-4.18E-01	-4.25E-01
8.65	-6.23E-01	-6.19E-01
8.66	-8.24E-01	-8.09E-01
8.67	-1.02E+00	-9.92E-01
8.68	-1.20E+00	-1.16E+00
8.69	-1.37E+00	-1.32E+00
8.70	-1.52E+00	-1.47E+00
8.71	-1.66E+00	-1.59E+00
8.72	-1.77E+00	-1.70E+00
8.73	-1.87E+00	-1.78E+00
8.74	-1.94E+00	-1.84E+00
8.75	-1.99E+00	-1.88E+00
8.76	-2.01E+00	-1.90E+00
8.77	-2.02E+00	-1.90E+00
8.78	-2.00E+00	-1.88E+00
8.79	-1.96E+00	-1.83E+00
8.80	-1.90E+00	-1.77E+00
8.81	-1.82E+00	-1.69E+00
8.82	-1.72E+00	-1.59E+00
8.83	-1.60E+00	-1.47E+00
8.84	-1.47E+00	-1.34E+00
8.85	-1.33E+00	-1.20E+00
8.86	-1.17E+00	-1.04E+00
8.87	-9.99E-01	-8.71E-01
8.88	-8.14E-01	-6.90E-01
8.89	-6.16E-01	-4.96E-01
8.90	-4.04E-01	-2.90E-01
8.91	-1.80E-01	-7.22E-02
8.92	5.50E-02	1.56E-01
8.93	3.01E-01	3.95E-01
8.94	5.57E-01	6.43E-01
8.95	8.22E-01	8.99E-01
8.96	1.09E+00	1.16E+00
8.97	1.36E+00	1.42E+00
8.98	1.63E+00	1.67E+00
8.99	1.88E+00	1.91E+00
9.00	2.11E+00	2.13E+00
9.01	2.33E+00	2.34E+00
9.02	2.52E+00	2.52E+00
9.03	2.69E+00	2.68E+00
9.04	2.84E+00	2.82E+00
9.05	2.96E+00	2.92E+00
9.06	3.05E+00	3.00E+00
9.07	3.10E+00	3.04E+00
9.08	3.12E+00	3.05E+00
9.09	3.10E+00	3.03E+00
9.10	3.06E+00	2.98E+00
9.11	2.99E+00	2.90E+00
9.12	2.90E+00	2.80E+00
9.13	2.79E+00	2.68E+00
9.14	2.65E+00	2.53E+00
9.15	2.49E+00	2.38E+00
9.16	2.32E+00	2.20E+00
9.17	2.14E+00	2.01E+00
9.18	1.94E+00	1.82E+00
9.19	1.74E+00	1.62E+00
9.20	1.53E+00	1.41E+00
9.21	1.33E+00	1.20E+00
9.22	1.12E+00	1.00E+00
9.23	9.25E-01	8.09E-01
9.24	7.32E-01	6.21E-01
9.25	5.45E-01	4.39E-01
9.26	3.62E-01	2.63E-01
9.27	1.86E-01	9.46E-02
9.28	1.72E-02	-6.49E-02
9.29	-1.41E-01	-2.13E-01
9.30	-2.89E-01	-3.50E-01
9.31	-4.25E-01	-4.75E-01
9.32	-5.51E-01	-5.89E-01
9.33	-6.66E-01	-6.91E-01
9.34	-7.71E-01	-7.83E-01
9.35	-8.67E-01	-8.66E-01
9.36	-9.55E-01	-9.41E-01
9.37	-1.04E+00	-1.01E+00
9.38	-1.11E+00	-1.07E+00
9.39	-1.18E+00	-1.13E+00
9.40	-1.24E+00	-1.18E+00
9.41	-1.30E+00	-1.22E+00
9.42	-1.35E+00	-1.26E+00
9.43	-1.39E+00	-1.29E+00
9.44	-1.42E+00	-1.31E+00
9.45	-1.44E+00	-1.32E+00
9.46	-1.44E+00	-1.32E+00
9.47	-1.43E+00	-1.30E+00
9.48	-1.40E+00	-1.26E+00
9.49	-1.35E+00	-1.21E+00
9.50	-1.28E+00	-1.13E+00
9.51	-1.19E+00	-1.04E+00
9.52	-1.07E+00	-9.15E-01
9.53	-9.30E-01	-7.70E-01
9.54	-7.68E-01	-6.08E-01
9.55	-5.93E-01	-4.33E-01
9.56	-4.06E-01	-2.48E-01
9.57	-2.10E-01	-5.57E-02
9.58	-7.70E-03	1.42E-01
9.59	1.98E-01	3.42E-01
9.60	4.04E-01	5.40E-01
9.61	6.06E-01	7.35E-01
9.62	8.03E-01	9.22E-01
9.63	9.92E-01	1.10E+00
9.64	1.17E+00	1.27E+00
9.65	1.34E+00	1.43E+00
9.66	1.50E+00	1.58E+00
9.67	1.65E+00	1.71E+00
9.68	1.79E+00	1.84E+00
9.69	1.92E+00	1.96E+00
9.70	2.03E+00	2.06E+00
9.71	2.13E+00	2.14E+00
9.72	2.22E+00	2.22E+00
9.73	2.29E+00	2.28E+00
9.74	2.35E+00	2.33E+00
9.75	2.40E+00	2.36E+00
9.76	2.43E+00	2.38E+00
9.77	2.44E+00	2.38E+00
9.78	2.43E+00	2.36E+00
9.79	2.41E+00	2.32E+00
9.80	2.36E+00	2.27E+00
9.81	2.30E+00	2.20E+00
9.82	2.23E+00	2.11E+00
9.83	2.13E+00	2.01E+00
9.84	2.03E+00	1.91E+00
9.85	1.92E+00	1.79E+00
9.86	1.80E+00	1.66E+00
9.87	1.67E+00	1.53E+00
9.88	1.54E+00	1.40E+00
9.89	1.41E+00	1.27E+00
9.90	1.28E+00	1.14E+00
9.91	1.14E+00	1.01E+00
9.92	1.01E+00	8.87E-01
9.93	8.83E-01	7.64E-01
9.94	7.55E-01	6.43E-01
9.95	6.29E-01	5.24E-01
9.96	5.02E-01	4.06E-01
9.97	3.73E-01	2.86E-01
9.98	2.41E-01	1.64E-01
9.99	1.07E-01	3.99E-02
10.00	-2.89E-02	-8.52E-02
10.01	-1.65E-01	-2.10E-01
10.02	-2.98E-01	-3.31E-01
10.03	-4.26E-01	-4.47E-01
10.04	-5.47E-01	-5.55E-01
10.05	-6.57E-01	-6.52E-01
10.06	-7.55E-01	-7.37E-01
10.07	-8.40E-01	-8.08E-01
10.08	-9.10E-01	-8.65E-01
10.09	-9.65E-01	-9.05E-01
10.10	-1.00E+00	-9.29E-01
10.11	-1.02E+00	-9.35E-01
10.12	-1.02E+00	-9.23E-01
10.13	-1.01E+00	-8.96E-01
10.14	-9.75E-01	-8.56E-01
10.15	-9.32E-01	-8.04E-01
10.16	-8.80E-01	-7.43E-01
10.17	-8.20E-01	-6.77E-01
10.18	-7.56E-01	-6.07E-01
10.19	-6.87E-01	-5.35E-01
10.20	-6.16E-01	-4.61E-01
10.21	-5.43E-01	-3.85E-01
10.22	-4.66E-01	-3.08E-01
10.23	-3.87E-01	-2.30E-01
10.24	-3.04E-01	-1.48E-01
10.25	-2.15E-01	-6.11E-02
10.26	-1.19E-01	3.16E-02
10.27	-1.45E-02	1.32E-01
10.28	9.94E-02	2.41E-01
10.29	2.24E-01	3.59E-01
10.30	3.60E-01	4.88E-01
10.31	5.06E-01	6.27E-01
10.32	6.62E-01	7.74E-01
10.33	8.23E-01	9.26E-01
10.34	9.88E-01	1.08E+00
10.35	1.15E+00	1.23E+00
10.36	1.31E+00	1.38E+00
10.37	1.46E+00	1.51E+00
10.38	1.59E+00	1.63E+00
10.39	1.71E+00	1.74E+00
10.40	1.82E+00	1.83E+00
10.41	1.90E+00	1.90E+00
10.42	1.96E+00	1.95E+00
10.43	2.00E+00	1.97E+00
10.44	2.01E+00	1.97E+00
10.45	2.01E+00	1.95E+00
10.46	1.98E+00	1.91E+00
10.47	1.93E+00	1.86E+00
10.48	1.87E+00	1.79E+00
10.49	1.79E+00	1.70E+00
10.50	1.71E+00	1.61E+00
10.51	1.62E+00	1.51E+00
10.52	1.52E+00	1.41E+00
10.53	1.42E+00	1.30E+00
10.54	1.32E+00	1.20E+00
10.55	1.21E+00	1.09E+00
10.56	1.11E+00	9.80E-01
10.57	9.99E-01	8.73E-01
10.58	8.91E-01	7.66E-01
10.59	7.82E-01	6.58E-01
10.60	6.72E-01	5.50E-01
10.61	5.59E-01	4.40E-01
10.62	4.43E-01	3.30E-01
10.63	3.26E-01	2.18E-01
10.64	2.07E-01	1.06E-01
10.65	8.64E-02	-5.96E-03
10.66	-3.34E-02	-1.16E-01
10.67	-1.51E-01	-2.24E-01
10.68	-2.66E-01	-3.27E-01
10.69	-3.76E-01	-4.24E-01
10.70	-4.80E-01	-5.16E-01
10.71	-5.77E-01	-6.00E-01
10.72	-6.68E-01	-6.77E-01
10.73	-7.50E-01	-7.46E-01
10.74	-8.24E-01	-8.07E-01
10.75	-8.90E-01	-8.59E-01
10.76	-9.46E-01	-9.03E-01
10.77	-9.93E-01	-9.37E-01
10.78	-1.03E+00	-9.61E-01
10.79	-1.06E+00	-9.76E-01
10.80	-1.07E+00	-9.81E-01
10.81	-1.07E+00	-9.74E-01
10.82	-1.07E+00	-9.58E-01
10.83	-1.05E+00	-9.30E-01
10.84	-1.02E+00	-8.91E-01
10.85	-9.76E-01	-8.42E-01
10.86	-9.23E-01	-7.83E-01
10.87	-8.58E-01	-7.12E-01
10.88	-7.81E-01	-6.31E-01
10.89	-6.94E-01	-5.40E-01
10.90	-5.97E-01	-4.40E-01
10.91	-4.92E-01	-3.34E-01
10.92	-3.80E-01	-2.22E-01
10.93	-2.60E-01	-1.03E-01
10.94	-1.35E-01	1.96E-02
10.95	-4.71E-03	1.46E-01
10.96	1.29E-01	2.74E-01
10.97	2.66E-01	4.04E-01
10.98	4.04E-01	5.35E-01
10.99	5.44E-01	6.67E-01
11.00	6.85E-01	7.98E-01
11.01	8.25E-01	9.27E-01
11.02	9.63E-01	1.05E+00
11.03	1.10E+00	1.18E+00
11.04	1.23E+00	1.29E+00
11.05	1.35E+00	1.40E+00
11.06	1.46E+00	1.50E+00
11.07	1.56E+00	1.60E+00
11.08	1.66E+00	1.68E+00
11.09	1.74E+00	1.74E+00
11.10	1.80E+00	1.80E+00
11.11	1.86E+00	1.84E+00
11.12	1.90E+00	1.87E+00
11.13	1.92E+00	1.88E+00
11.14	1.93E+00	1.88E+00
11.15	1.93E+00	1.86E+00
11.16	1.91E+00	1.83E+00
11.17	1.88E+00	1.79E+00
11.18	1.84E+00	1.74E+00
11.19	1.78E+00	1.68E+00
11.20	1.72E+00	1.61E+00
11.21	1.64E+00	1.53E+00
11.22	1.56E+00	1.44E+00
11.23	1.47E+00	1.34E+00
11.24	1.36E+00	1.24E+00
11.25	1.25E+00	1.13E+00
11.26	1.13E+00	1.01E+00
11.27	1.01E+00	8.82E-01
11.28	8.72E-01	7.50E-01
11.29	7.31E-01	6.13E-01
11.30	5.84E-01	4.71E-01
11.31	4.32E-01	3.25E-01
11.32	2.75E-01	1.75E-01
11.33	1.16E-01	2.38E-02
11.34	-4.38E-02	-1.28E-01
11.35	-2.03E-01	-2.77E-01
11.36	-3.58E-01	-4.22E-01
11.37	-5.07E-01	-5.61E-01
11.38	-6.50E-01	-6.93E-01
11.39	-7.84E-01	-8.15E-01
11.40	-9.08E-01	-9.26E-01
11.41	-1.02E+00	-1.03E+00
11.42	-1.12E+00	-1.11E+00
11.43	-1.21E+00	-1.19E+00
11.44	-1.29E+00	-1.26E+00
11.45	-1.36E+00	-1.31E+00
11.46	-1.41E+00	-1.35E+00
11.47	-1.46E+00	-1.39E+00
11.48	-1.49E+00	-1.41E+00
11.49	-1.52E+00	-1.42E+00
11.50	-1.53E+00	-1.42E+00
11.51	-1.54E+00	-1.42E+00
11.52	-1.53E+00	-1.40E+00
11.53	-1.51E+00	-1.38E+00
11.54	-1.48E+00	-1.34E+00
11.55	-1.44E+00	-1.30E+00
11.56	-1.39E+00	-1.23E+00
11.57	-1.32E+00	-1.16E+00
11.58	-1.23E+00	-1.07E+00
11.59	-1.13E+00	-9.68E-01
11.60	-1.01E+00	-8.50E-01
11.61	-8.77E-01	-7.16E-01
11.62	-7.28E-01	-5.69E-01
11.63	-5.65E-01	-4.08E-01
11.64	-3.90E-01	-2.36E-01
11.65	-2.03E-01	-5.43E-02
11.66	-6.60E-03	1.36E-01
11.67	1.97E-01	3.32E-01
11.68	4.06E-01	5.33E-01
11.69	6.19E-01	7.37E-01
11.70	8.33E-01	9.41E-01
11.71	1.05E+00	1.14E+00
11.72	1.26E+00	1.35E+00
11.73	1.47E+00	1.54E+00
11.74	1.68E+00	1.74E+00
11.75	1.88E+00	1.92E+00
11.76	2.07E+00	2.11E+00
11.77	2.26E+00	2.28E+00
11.78	2.44E+00	2.45E+00
11.79	2.62E+00	2.61E+00
11.80	2.78E+00	2.76E+00
11.81	2.94E+00	2.90E+00
11.82	3.08E+00	3.04E+00
11.83	3.22E+00	3.16E+00
11.84	3.34E+00	3.27E+00
11.85	3.45E+00	3.37E+00
11.86	3.55E+00	3.46E+00
11.87	3.62E+00	3.53E+00
11.88	3.68E+00	3.57E+00
11.89	3.71E+00	3.60E+00
11.90	3.72E+00	3.60E+00
11.91	3.70E+00	3.58E+00
11.92	3.65E+00	3.53E+00
11.93	3.56E+00	3.46E+00
11.94	3.45E+00	3.35E+00
11.95	3.31E+00	3.21E+00
11.96	3.14E+00	3.05E+00
11.97	2.94E+00	2.86E+00
11.98	2.71E+00	2.64E+00
11.99	2.46E+00	2.39E+00
12.00	2.18E+00	2.12E+00
12.01	1.88E+00	1.84E+00
12.02	1.56E+00	1.54E+00
12.03	1.23E+00	1.22E+00
12.04	8.93E-01	8.99E-01
12.05	5.47E-01	5.72E-01
12.06	1.99E-01	2.43E-01
12.07	-1.47E-01	-8.30E-02
12.08	-4.90E-01	-4.05E-01
12.09	-8.24E-01	-7.19E-01
12.10	-1.15E+00	-1.02E+00
12.11	-1.46E+00	-1.31E+00
12.12	-1.76E+00	-1.59E+00
12.13	-2.04E+00	-1.85E+00
12.14	-2.30E+00	-2.09E+00
12.15	-2.54E+00	-2.31E+00
12.16	-2.75E+00	-2.51E+00
12.17	-2.95E+00	-2.69E+00
12.18	-3.12E+00	-2.85E+00
12.19	-3.26E+00	-2.98E+00
12.20	-3.38E+00	-3.10E+00
12.21	-3.48E+00	-3.19E+00
12.22	-3.55E+00	-3.27E+00
12.23	-3.60E+00	-3.32E+00
12.24	-3.62E+00	-3.35E+00
12.25	-3.61E+00	-3.35E+00
12.26	-3.58E+00	-3.33E+00
12.27	-3.51E+00	-3.28E+00
12.28	-3.42E+00	-3.21E+00
12.29	-3.30E+00	-3.10E+00
12.30	-3.15E+00	-2.97E+00
12.31	-2.98E+00	-2.82E+00
12.32	-2.78E+00	-2.64E+00
12.33	-2.56E+00	-2.43E+00
12.34	-2.31E+00	-2.21E+00
12.35	-2.04E+00	-1.96E+00
12.36	-1.76E+00	-1.69E+00
12.37	-1.45E+00	-1.41E+00
12.38	-1.13E+00	-1.11E+00
12.39	-8.04E-01	-8.06E-01
12.40	-4.68E-01	-4.95E-01
12.41	-1.27E-01	-1.81E-01
12.42	2.13E-01	1.33E-01
12.43	5.51E-01	4.43E-01
12.44	8.81E-01	7.46E-01
12.45	1.20E+00	1.04E+00
12.46	1.51E+00	1.32E+00
12.47	1.80E+00	1.59E+00
12.48	2.07E+00	1.84E+00
12.49	2.32E+00	2.07E+00
12.50	2.55E+00	2.29E+00
12.51	2.76E+00	2.48E+00
12.52	2.94E+00	2.65E+00
12.53	3.10E+00	2.80E+00
12.54	3.23E+00	2.93E+00
12.55	3.33E+00	3.03E+00
12.56	3.42E+00	3.11E+00
12.57	3.47E+00	3.17E+00
12.58	3.50E+00	3.21E+00
12.59	3.51E+00	3.22E+00
12.60	3.49E+00	3.22E+00
12.61	3.44E+00	3.18E+00
12.62	3.37E+00	3.13E+00
12.63	3.28E+00	3.05E+00
12.64	3.16E+00	2.95E+00
12.65	3.01E+00	2.83E+00
12.66	2.84E+00	2.68E+00
12.67	2.64E+00	2.51E+00
12.68	2.43E+00	2.32E+00
12.69	2.20E+00	2.12E+00
12.70	1.95E+00	1.90E+00
12.71	1.69E+00	1.67E+00
12.72	1.42E+00	1.43E+00
12.73	1.14E+00	1.18E+00
12.74	8.59E-01	9.20E-01
12.75	5.70E-01	6.61E-01
12.76	2.81E-01	4.01E-01
12.77	-7.06E-03	1.42E-01
12.78	-2.90E-01	-1.13E-01
12.79	-5.65E-01	-3.61E-01
12.80	-8.29E-01	-6.00E-01
12.81	-1.08E+00	-8.28E-01
12.82	-1.32E+00	-1.04E+00
12.83	-1.53E+00	-1.24E+00
12.84	-1.74E+00	-1.43E+00
12.85	-1.92E+00	-1.59E+00
12.86	-2.07E+00	-1.74E+00
12.87	-2.21E+00	-1.86E+00
12.88	-2.32E+00	-1.96E+00
12.89	-2.40E+00	-2.04E+00
12.90	-2.45E+00	-2.09E+00
12.91	-2.48E+00	-2.12E+00
12.92	-2.48E+00	-2.12E+00
12.93	-2.45E+00	-2.10E+00
12.94	-2.39E+00	-2.04E+00
12.95	-2.31E+00	-1.97E+00
12.96	-2.20E+00	-1.88E+00
12.97	-2.08E+00	-1.76E+00
12.98	-1.92E+00	-1.62E+00
12.99	-1.75E+00	-1.46E+00
13.00	-1.56E+00	-1.29E+00
13.01	-1.36E+00	-1.10E+00
13.02	-1.13E+00	-9.04E-01
13.03	-8.99E-01	-6.92E-01
13.04	-6.55E-01	-4.71E-01
13.05	-4.02E-01	-2.43E-01
13.06	-1.44E-01	-9.53E-03
13.07	1.19E-01	2.28E-01
13.08	3.85E-01	4.68E-01
13.09	6.53E-01	7.11E-01
13.10	9.21E-01	9.54E-01
13.11	1.19E+00	1.20E+00
13.12	1.45E+00	1.43E+00
13.13	1.71E+00	1.67E+00
13.14	1.96E+00	1.90E+00
13.15	2.20E+00	2.11E+00
13.16	2.42E+00	2.32E+00
13.17	2.62E+00	2.50E+00
13.18	2.80E+00	2.66E+00
13.19	2.96E+00	2.81E+00
13.20	3.09E+00	2.93E+00
13.21	3.19E+00	3.02E+00
13.22	3.26E+00	3.08E+00
13.23	3.31E+00	3.11E+00
13.24	3.32E+00	3.12E+00
13.25	3.29E+00	3.09E+00
13.26	3.24E+00	3.04E+00
13.27	3.16E+00	2.95E+00
13.28	3.04E+00	2.84E+00
13.29	2.91E+00	2.71E+00
13.30	2.75E+00	2.56E+00
13.31	2.57E+00	2.39E+00
13.32	2.37E+00	2.20E+00
13.33	2.16E+00	2.01E+00
13.34	1.94E+00	1.80E+00
13.35	1.71E+00	1.59E+00
13.36	1.47E+00	1.36E+00
13.37	1.22E+00	1.13E+00
13.38	9.66E-01	8.98E-01
13.39	7.09E-01	6.61E-01
13.40	4.51E-01	4.25E-01
13.41	1.95E-01	1.90E-01
13.42	-5.81E-02	-4.12E-02
13.43	-3.06E-01	-2.67E-01
13.44	-5.47E-01	-4.86E-01
13.45	-7.82E-01	-6.99E-01
13.46	-1.01E+00	-9.06E-01
13.47	-1.23E+00	-1.10E+00
13.48	-1.44E+00	-1.29E+00
13.49	-1.64E+00	-1.47E+00
13.50	-1.82E+00	-1.63E+00
13.51	-1.98E+00	-1.78E+00
13.52	-2.12E+00	-1.90E+00
13.53	-2.24E+00	-2.00E+00
13.54	-2.34E+00	-2.08E+00
13.55	-2.41E+00	-2.14E+00
13.56	-2.46E+00	-2.18E+00
13.57	-2.48E+00	-2.20E+00
13.58	-2.48E+00	-2.19E+00
13.59	-2.46E+00	-2.16E+00
13.60	-2.42E+00	-2.11E+00
13.61	-2.35E+00	-2.05E+00
13.62	-2.27E+00	-1.96E+00
13.63	-2.16E+00	-1.86E+00
13.64	-2.03E+00	-1.73E+00
13.65	-1.89E+00	-1.60E+00
13.66	-1.74E+00	-1.45E+00
13.67	-1.57E+00	-1.30E+00
13.68	-1.39E+00	-1.13E+00
13.69	-1.20E+00	-9.47E-01
13.70	-9.96E-01	-7.59E-01
13.71	-7.85E-01	-5.64E-01
13.72	-5.66E-01	-3.61E-01
13.73	-3.40E-01	-1.53E-01
13.74	-1.09E-01	5.99E-02
13.75	1.25E-01	2.75E-01
13.76	3.62E-01	4.92E-01
13.77	5.98E-01	7.08E-01
13.78	8.34E-01	9.24E-01
13.79	1.07E+00	1.14E+00
13.80	1.30E+00	1.35E+00
13.81	1.53E+00	1.56E+00
13.82	1.75E+00	1.76E+00
13.83	1.95E+00	1.94E+00
13.84	2.15E+00	2.11E+00
13.85	2.32E+00	2.27E+00
13.86	2.47E+00	2.40E+00
13.87	2.59E+00	2.51E+00
13.88	2.69E+00	2.59E+00
13.89	2.76E+00	2.64E+00
13.90	2.80E+00	2.67E+00
13.91	2.81E+00	2.67E+00
13.92	2.79E+00	2.65E+00
13.93	2.74E+00	2.59E+00
13.94	2.67E+00	2.51E+00
13.95	2.57E+00	2.41E+00
13.96	2.45E+00	2.29E+00
13.97	2.31E+00	2.14E+00
13.98	2.15E+00	1.99E+00
13.99	1.98E+00	1.82E+00
14.00	1.79E+00	1.64E+00
14.01	1.60E+00	1.45E+00
14.02	1.40E+00	1.26E+00
14.03	1.20E+00	1.07E+00
14.04	9.99E-01	8.82E-01
14.05	7.95E-01	6.91E-01
14.06	5.89E-01	5.00E-01
14.07	3.81E-01	3.07E-01
14.08	1.73E-01	1.15E-01
14.09	-3.51E-02	-7.55E-02
14.10	-2.43E-01	-2.65E-01
14.11	-4.49E-01	-4.53E-01
14.12	-6.54E-01	-6.39E-01
14.13	-8.55E-01	-8.21E-01
14.14	-1.05E+00	-9.97E-01
14.15	-1.24E+00	-1.17E+00
14.16	-1.42E+00	-1.33E+00
14.17	-1.58E+00	-1.47E+00
14.18	-1.73E+00	-1.60E+00
14.19	-1.85E+00	-1.70E+00
14.20	-1.95E+00	-1.79E+00
14.21	-2.03E+00	-1.84E+00
14.22	-2.07E+00	-1.87E+00
14.23	-2.08E+00	-1.86E+00
14.24	-2.05E+00	-1.83E+00
14.25	-2.00E+00	-1.76E+00
14.26	-1.91E+00	-1.66E+00
14.27	-1.79E+00	-1.53E+00
14.28	-1.65E+00	-1.38E+00
14.29	-1.48E+00	-1.21E+00
14.30	-1.29E+00	-1.02E+00
14.31	-1.09E+00	-8.18E-01
14.32	-8.82E-01	-6.08E-01
14.33	-6.65E-01	-3.93E-01
14.34	-4.45E-01	-1.77E-01
14.35	-2.25E-01	3.71E-02
14.36	-7.54E-03	2.47E-01
14.37	2.07E-01	4.52E-01
14.38	4.16E-01	6.51E-01
14.39	6.20E-01	8.44E-01
14.40	8.19E-01	1.03E+00
14.41	1.01E+00	1.21E+00
14.42	1.20E+00	1.38E+00
14.43	1.39E+00	1.55E+00
14.44	1.56E+00	1.71E+00
14.45	1.73E+00	1.86E+00
14.46	1.89E+00	2.00E+00
14.47	2.04E+00	2.13E+00
14.48	2.17E+00	2.25E+00
14.49	2.29E+00	2.35E+00
14.50	2.39E+00	2.43E+00
14.51	2.48E+00	2.49E+00
14.52	2.54E+00	2.53E+00
14.53	2.57E+00	2.55E+00
14.54	2.59E+00	2.55E+00
14.55	2.58E+00	2.52E+00
14.56	2.54E+00	2.46E+00
14.57	2.48E+00	2.39E+00
14.58	2.39E+00	2.29E+00
14.59	2.29E+00	2.17E+00
14.60	2.16E+00	2.03E+00
14.61	2.01E+00	1.88E+00
14.62	1.85E+00	1.71E+00
14.63	1.68E+00	1.53E+00
14.64	1.49E+00	1.34E+00
14.65	1.29E+00	1.14E+00
14.66	1.09E+00	9.35E-01
14.67	8.76E-01	7.27E-01
14.68	6.62E-01	5.17E-01
14.69	4.47E-01	3.07E-01
14.70	2.31E-01	9.79E-02
14.71	1.68E-02	-1.08E-01
14.72	-1.95E-01	-3.10E-01
14.73	-4.01E-01	-5.05E-01
14.74	-6.02E-01	-6.93E-01
14.75	-7.94E-01	-8.71E-01
14.76	-9.76E-01	-1.04E+00
14.77	-1.14E+00	-1.19E+00
14.78	-1.30E+00	-1.33E+00
14.79	-1.43E+00	-1.44E+00
14.80	-1.55E+00	-1.54E+00
14.81	-1.65E+00	-1.62E+00
14.82	-1.73E+00	-1.68E+00
14.83	-1.79E+00	-1.72E+00
14.84	-1.84E+00	-1.75E+00
14.85	-1.86E+00	-1.75E+00
14.86	-1.87E+00	-1.74E+00
14.87	-1.86E+00	-1.71E+00
14.88	-1.83E+00	-1.67E+00
14.89	-1.79E+00	-1.61E+00
14.90	-1.73E+00	-1.53E+00
14.91	-1.66E+00	-1.44E+00
14.92	-1.57E+00	-1.34E+00
14.93	-1.46E+00	-1.23E+00
14.94	-1.34E+00	-1.10E+00
14.95	-1.21E+00	-9.59E-01
14.96	-1.07E+00	-8.10E-01
14.97	-9.16E-01	-6.50E-01
14.98	-7.52E-01	-4.82E-01
14.99	-5.79E-01	-3.07E-01
15.00	-3.98E-01	-1.26E-01
15.01	-2.10E-01	6.06E-02
15.02	-1.70E-02	2.50E-01
15.03	1.80E-01	4.42E-01
15.04	3.78E-01	6.34E-01
15.05	5.77E-01	8.24E-01
15.06	7.75E-01	1.01E+00
15.07	9.70E-01	1.20E+00
15.08	1.16E+00	1.37E+00
15.09	1.34E+00	1.54E+00
15.10	1.52E+00	1.70E+00
15.11	1.68E+00	1.85E+00
15.12	1.83E+00	1.98E+00
15.13	1.97E+00	2.09E+00
15.14	2.09E+00	2.20E+00
15.15	2.19E+00	2.28E+00
15.16	2.27E+00	2.34E+00
15.17	2.34E+00	2.39E+00
15.18	2.39E+00	2.42E+00
15.19	2.42E+00	2.43E+00
15.20	2.42E+00	2.41E+00
15.21	2.41E+00	2.38E+00
15.22	2.38E+00	2.34E+00
15.23	2.33E+00	2.27E+00
15.24	2.26E+00	2.18E+00
15.25	2.17E+00	2.09E+00
15.26	2.07E+00	1.97E+00
15.27	1.96E+00	1.84E+00
15.28	1.83E+00	1.70E+00
15.29	1.68E+00	1.55E+00
15.30	1.52E+00	1.38E+00
15.31	1.35E+00	1.21E+00
15.32	1.18E+00	1.03E+00
15.33	9.91E-01	8.39E-01
15.34	8.00E-01	6.48E-01
15.35	6.05E-01	4.55E-01
15.36	4.08E-01	2.62E-01
15.37	2.10E-01	7.04E-02
15.38	1.52E-02	-1.17E-01
15.39	-1.76E-01	-2.99E-01
15.40	-3.63E-01	-4.75E-01
15.41	-5.43E-01	-6.43E-01
15.42	-7.15E-01	-8.01E-01
15.43	-8.77E-01	-9.48E-01
15.44	-1.03E+00	-1.08E+00
15.45	-1.16E+00	-1.20E+00
15.46	-1.28E+00	-1.30E+00
15.47	-1.38E+00	-1.38E+00
15.48	-1.46E+00	-1.45E+00
15.49	-1.53E+00	-1.49E+00
15.50	-1.57E+00	-1.51E+00
15.51	-1.59E+00	-1.52E+00
15.52	-1.59E+00	-1.50E+00
15.53	-1.57E+00	-1.46E+00
15.54	-1.53E+00	-1.40E+00
15.55	-1.48E+00	-1.33E+00
15.56	-1.40E+00	-1.23E+00
15.57	-1.31E+00	-1.12E+00
15.58	-1.20E+00	-9.99E-01
15.59	-1.07E+00	-8.59E-01
15.60	-9.32E-01	-7.07E-01
15.61	-7.80E-01	-5.44E-01
15.62	-6.19E-01	-3.73E-01
15.63	-4.49E-01	-1.95E-01
15.64	-2.75E-01	-1.48E-02
15.65	-9.76E-02	1.67E-01
15.66	8.01E-02	3.47E-01
15.67	2.56E-01	5.24E-01
15.68	4.28E-01	6.94E-01
15.69	5.93E-01	8.56E-01
15.70	7.51E-01	1.01E+00
15.71	8.99E-01	1.15E+00
15.72	1.04E+00	1.28E+00
15.73	1.17E+00	1.40E+00
15.74	1.28E+00	1.50E+00
15.75	1.38E+00	1.59E+00
15.76	1.48E+00	1.67E+00
15.77	1.56E+00	1.74E+00
15.78	1.62E+00	1.79E+00
15.79	1.68E+00	1.82E+00
15.80	1.72E+00	1.85E+00
15.81	1.75E+00	1.86E+00
15.82	1.76E+00	1.85E+00
15.83	1.76E+00	1.83E+00
15.84	1.74E+00	1.80E+00
15.85	1.71E+00	1.75E+00
15.86	1.67E+00	1.69E+00
15.87	1.62E+00	1.61E+00
15.88	1.55E+00	1.53E+00
15.89	1.47E+00	1.43E+00
15.90	1.38E+00	1.32E+00
15.91	1.28E+00	1.21E+00
15.92	1.17E+00	1.08E+00
15.93	1.05E+00	9.54E-01
15.94	9.24E-01	8.19E-01
15.95	7.95E-01	6.80E-01
15.96	6.61E-01	5.39E-01
15.97	5.26E-01	3.97E-01
15.98	3.89E-01	2.56E-01
15.99	2.53E-01	1.17E-01
16.00	1.17E-01	-2.00E-02
16.01	-1.66E-02	-1.53E-01
16.02	-1.47E-01	-2.80E-01
16.03	-2.72E-01	-4.02E-01
16.04	-3.92E-01	-5.15E-01
16.05	-5.05E-01	-6.21E-01
16.06	-6.10E-01	-7.16E-01
16.07	-7.05E-01	-8.01E-01
16.08	-7.90E-01	-8.75E-01
16.09	-8.64E-01	-9.35E-01
16.10	-9.24E-01	-9.81E-01
16.11	-9.70E-01	-1.01E+00
16.12	-1.00E+00	-1.03E+00
16.13	-1.02E+00	-1.03E+00
16.14	-1.02E+00	-1.01E+00
16.15	-1.01E+00	-9.79E-01
16.16	-9.78E-01	-9.33E-01
16.17	-9.37E-01	-8.74E-01
16.18	-8.87E-01	-8.05E-01
16.19	-8.29E-01	-7.29E-01
16.20	-7.64E-01	-6.47E-01
16.21	-6.94E-01	-5.59E-01
16.22	-6.20E-01	-4.69E-01
16.23	-5.42E-01	-3.76E-01
16.24	-4.63E-01	-2.83E-01
16.25	-3.83E-01	-1.89E-01
16.26	-3.02E-01	-9.64E-02
16.27	-2.20E-01	-4.22E-03
16.28	-1.37E-01	8.79E-02
16.29	-5.13E-02	1.81E-01
16.30	3.69E-02	2.75E-01
16.31	1.28E-01	3.71E-01
16.32	2.22E-01	4.68E-01
16.33	3.20E-01	5.67E-01
16.34	4.20E-01	6.67E-01
16.35	5.24E-01	7.69E-01
16.36	6.31E-01	8.73E-01
16.37	7.39E-01	9.75E-01
16.38	8.46E-01	1.08E+00
16.39	9.51E-01	1.17E+00
16.40	1.05E+00	1.26E+00
16.41	1.15E+00	1.35E+00
16.42	1.23E+00	1.42E+00
16.43	1.31E+00	1.48E+00
16.44	1.37E+00	1.54E+00
16.45	1.43E+00	1.57E+00
16.46	1.47E+00	1.60E+00
16.47	1.50E+00	1.61E+00
16.48	1.51E+00	1.61E+00
16.49	1.51E+00	1.59E+00
16.50	1.50E+00	1.56E+00
16.51	1.48E+00	1.52E+00
16.52	1.44E+00	1.47E+00
16.53	1.40E+00	1.41E+00
16.54	1.34E+00	1.34E+00
16.55	1.28E+00	1.26E+00
16.56	1.21E+00	1.18E+00
16.57	1.14E+00	1.09E+00
16.58	1.06E+00	9.95E-01
16.59	9.70E-01	8.97E-01
16.60	8.78E-01	7.94E-01
16.61	7.80E-01	6.88E-01
16.62	6.78E-01	5.77E-01
16.63	5.70E-01	4.63E-01
16.64	4.58E-01	3.47E-01
16.65	3.43E-01	2.28E-01
16.66	2.26E-01	1.09E-01
16.67	1.07E-01	-1.05E-02
16.68	-1.25E-02	-1.29E-01
16.69	-1.31E-01	-2.44E-01
16.70	-2.47E-01	-3.55E-01
16.71	-3.59E-01	-4.61E-01
16.72	-4.66E-01	-5.60E-01
16.73	-5.67E-01	-6.52E-01
16.74	-6.60E-01	-7.34E-01
16.75	-7.44E-01	-8.06E-01
16.76	-8.18E-01	-8.67E-01
16.77	-8.81E-01	-9.17E-01
16.78	-9.33E-01	-9.54E-01
16.79	-9.74E-01	-9.80E-01
16.80	-1.00E+00	-9.94E-01
16.81	-1.02E+00	-9.98E-01
16.82	-1.03E+00	-9.91E-01
16.83	-1.03E+00	-9.73E-01
16.84	-1.02E+00	-9.45E-01
16.85	-9.96E-01	-9.06E-01
16.86	-9.61E-01	-8.56E-01
16.87	-9.15E-01	-7.94E-01
16.88	-8.56E-01	-7.20E-01
16.89	-7.84E-01	-6.34E-01
16.90	-7.00E-01	-5.36E-01
16.91	-6.02E-01	-4.26E-01
16.92	-4.92E-01	-3.04E-01
16.93	-3.69E-01	-1.71E-01
16.94	-2.36E-01	-2.87E-02
16.95	-9.24E-02	1.23E-01
16.96	5.98E-02	2.82E-01
16.97	2.18E-01	4.45E-01
16.98	3.81E-01	6.11E-01
16.99	5.45E-01	7.77E-01
17.00	7.07E-01	9.39E-01
17.01	8.64E-01	1.09E+00
17.02	1.01E+00	1.24E+00
17.03	1.15E+00	1.38E+00
17.04	1.28E+00	1.50E+00
17.05	1.40E+00	1.61E+00
17.06	1.50E+00	1.70E+00
17.07	1.59E+00	1.78E+00
17.08	1.66E+00	1.84E+00
17.09	1.72E+00	1.88E+00
17.10	1.76E+00	1.91E+00
17.11	1.79E+00	1.93E+00
17.12	1.81E+00	1.93E+00
17.13	1.81E+00	1.92E+00
17.14	1.80E+00	1.90E+00
17.15	1.79E+00	1.87E+00
17.16	1.76E+00	1.82E+00
17.17	1.72E+00	1.77E+00
17.18	1.67E+00	1.70E+00
17.19	1.61E+00	1.63E+00
17.20	1.54E+00	1.54E+00
17.21	1.45E+00	1.44E+00
17.22	1.36E+00	1.33E+00
17.23	1.24E+00	1.20E+00
17.24	1.12E+00	1.06E+00
17.25	9.76E-01	9.11E-01
17.26	8.25E-01	7.49E-01
17.27	6.65E-01	5.80E-01
17.28	4.96E-01	4.04E-01
17.29	3.23E-01	2.24E-01
17.30	1.47E-01	4.36E-02
17.31	-2.87E-02	-1.35E-01
17.32	-2.01E-01	-3.08E-01
17.33	-3.66E-01	-4.73E-01
17.34	-5.24E-01	-6.29E-01
17.35	-6.72E-01	-7.73E-01
17.36	-8.08E-01	-9.04E-01
17.37	-9.33E-01	-1.02E+00
17.38	-1.04E+00	-1.13E+00
17.39	-1.14E+00	-1.22E+00
17.40	-1.23E+00	-1.29E+00
17.41	-1.31E+00	-1.36E+00
17.42	-1.37E+00	-1.41E+00
17.43	-1.42E+00	-1.45E+00
17.44	-1.46E+00	-1.48E+00
17.45	-1.49E+00	-1.49E+00
17.46	-1.51E+00	-1.50E+00
17.47	-1.53E+00	-1.50E+00
17.48	-1.53E+00	-1.48E+00
17.49	-1.52E+00	-1.46E+00
17.50	-1.50E+00	-1.42E+00
17.51	-1.47E+00	-1.37E+00
17.52	-1.42E+00	-1.31E+00
17.53	-1.37E+00	-1.24E+00
17.54	-1.29E+00	-1.15E+00
17.55	-1.21E+00	-1.06E+00
17.56	-1.12E+00	-9.49E-01
17.57	-1.01E+00	-8.30E-01
17.58	-8.94E-01	-7.02E-01
17.59	-7.68E-01	-5.66E-01
17.60	-6.35E-01	-4.24E-01
17.61	-4.96E-01	-2.78E-01
17.62	-3.52E-01	-1.29E-01
17.63	-2.06E-01	2.12E-02
17.64	-5.73E-02	1.72E-01
17.65	9.34E-02	3.24E-01
17.66	2.46E-01	4.76E-01
17.67	3.99E-01	6.28E-01
17.68	5.54E-01	7.79E-01
17.69	7.08E-01	9.29E-01
17.70	8.63E-01	1.08E+00
17.71	1.02E+00	1.23E+00
17.72	1.17E+00	1.37E+00
17.73	1.32E+00	1.51E+00
17.74	1.47E+00	1.65E+00
17.75	1.62E+00	1.78E+00
17.76	1.75E+00	1.91E+00
17.77	1.88E+00	2.02E+00
17.78	1.99E+00	2.12E+00
17.79	2.09E+00	2.20E+00
17.80	2.17E+00	2.26E+00
17.81	2.23E+00	2.31E+00
17.82	2.27E+00	2.33E+00
17.83	2.29E+00	2.34E+00
17.84	2.29E+00	2.32E+00
17.85	2.27E+00	2.28E+00
17.86	2.23E+00	2.23E+00
17.87	2.17E+00	2.15E+00
17.88	2.09E+00	2.06E+00
17.89	2.00E+00	1.95E+00
17.90	1.89E+00	1.83E+00
17.91	1.77E+00	1.71E+00
17.92	1.65E+00	1.57E+00
17.93	1.52E+00	1.43E+00
17.94	1.38E+00	1.28E+00
17.95	1.24E+00	1.14E+00
17.96	1.09E+00	9.86E-01
17.97	9.43E-01	8.33E-01
17.98	7.91E-01	6.79E-01
17.99	6.36E-01	5.23E-01
18.00	4.79E-01	3.67E-01
18.01	3.20E-01	2.10E-01
18.02	1.61E-01	5.42E-02
18.03	2.82E-03	-9.98E-02
18.04	-1.54E-01	-2.51E-01
18.05	-3.08E-01	-3.98E-01
18.06	-4.58E-01	-5.39E-01
18.07	-6.02E-01	-6.72E-01
18.08	-7.39E-01	-7.98E-01
18.09	-8.66E-01	-9.12E-01
18.10	-9.83E-01	-1.01E+00
18.11	-1.09E+00	-1.10E+00
18.12	-1.18E+00	-1.18E+00
18.13	-1.25E+00	-1.23E+00
18.14	-1.31E+00	-1.27E+00
18.15	-1.34E+00	-1.30E+00
18.16	-1.37E+00	-1.30E+00
18.17	-1.37E+00	-1.29E+00
18.18	-1.37E+00	-1.27E+00
18.19	-1.34E+00	-1.23E+00
18.20	-1.31E+00	-1.18E+00
18.21	-1.26E+00	-1.12E+00
18.22	-1.21E+00	-1.05E+00
18.23	-1.15E+00	-9.78E-01
18.24	-1.07E+00	-8.93E-01
18.25	-9.92E-01	-8.02E-01
18.26	-9.03E-01	-7.03E-01
18.27	-8.07E-01	-5.98E-01
18.28	-7.04E-01	-4.87E-01
18.29	-5.93E-01	-3.70E-01
18.30	-4.76E-01	-2.48E-01
18.31	-3.53E-01	-1.21E-01
18.32	-2.24E-01	1.03E-02
18.33	-8.91E-02	1.46E-01
18.34	5.01E-02	2.84E-01
18.35	1.93E-01	4.24E-01
18.36	3.37E-01	5.65E-01
18.37	4.81E-01	7.03E-01
18.38	6.23E-01	8.39E-01
18.39	7.62E-01	9.69E-01
18.40	8.96E-01	1.09E+00
18.41	1.02E+00	1.21E+00
18.42	1.14E+00	1.32E+00
18.43	1.25E+00	1.41E+00
18.44	1.36E+00	1.50E+00
18.45	1.45E+00	1.58E+00
18.46	1.53E+00	1.65E+00
18.47	1.60E+00	1.70E+00
18.48	1.66E+00	1.75E+00
18.49	1.71E+00	1.78E+00
18.50	1.75E+00	1.80E+00
18.51	1.78E+00	1.82E+00
18.52	1.80E+00	1.82E+00
18.53	1.81E+00	1.82E+00
18.54	1.82E+00	1.81E+00
18.55	1.81E+00	1.79E+00
18.56	1.79E+00	1.76E+00
18.57	1.77E+00	1.72E+00
18.58	1.73E+00	1.67E+00
18.59	1.68E+00	1.61E+00
18.60	1.62E+00	1.54E+00
18.61	1.55E+00	1.46E+00
18.62	1.46E+00	1.37E+00
18.63	1.37E+00	1.26E+00
18.64	1.26E+00	1.15E+00
18.65	1.15E+00	1.03E+00
18.66	1.02E+00	9.10E-01
18.67	8.93E-01	7.80E-01
18.68	7.57E-01	6.46E-01
18.69	6.16E-01	5.09E-01
18.70	4.72E-01	3.69E-01
18.71	3.24E-01	2.27E-01
18.72	1.74E-01	8.51E-02
18.73	2.46E-02	-5.57E-02
18.74	-1.24E-01	-1.94E-01
18.75	-2.70E-01	-3.29E-01
18.76	-4.13E-01	-4.60E-01
18.77	-5.50E-01	-5.85E-01
18.78	-6.82E-01	-7.03E-01
18.79	-8.06E-01	-8.13E-01
18.80	-9.20E-01	-9.13E-01
18.81	-1.02E+00	-1.00E+00
18.82	-1.12E+00	-1.08E+00
18.83	-1.19E+00	-1.14E+00
18.84	-1.26E+00	-1.19E+00
18.85	-1.31E+00	-1.23E+00
18.86	-1.34E+00	-1.25E+00
18.87	-1.36E+00	-1.25E+00
18.88	-1.37E+00	-1.24E+00
18.89	-1.36E+00	-1.21E+00
18.90	-1.33E+00	-1.18E+00
18.91	-1.29E+00	-1.12E+00
18.92	-1.24E+00	-1.06E+00
18.93	-1.18E+00	-9.86E-01
18.94	-1.11E+00	-9.04E-01
18.95	-1.03E+00	-8.16E-01
18.96	-9.39E-01	-7.22E-01
18.97	-8.45E-01	-6.22E-01
18.98	-7.44E-01	-5.18E-01
18.99	-6.38E-01	-4.09E-01
19.00	-5.27E-01	-2.96E-01
19.01	-4.11E-01	-1.81E-01
19.02	-2.91E-01	-6.34E-02
19.03	-1.68E-01	5.68E-02
19.04	-4.09E-02	1.79E-01
19.05	8.95E-02	3.04E-01
19.06	2.23E-01	4.31E-01
19.07	3.60E-01	5.60E-01
19.08	4.99E-01	6.90E-01
19.09	6.39E-01	8.20E-01
19.10	7.80E-01	9.49E-01
19.11	9.18E-01	1.08E+00
19.12	1.05E+00	1.20E+00
19.13	1.18E+00	1.31E+00
19.14	1.30E+00	1.42E+00
19.15	1.41E+00	1.51E+00
19.16	1.50E+00	1.59E+00
19.17	1.59E+00	1.66E+00
19.18	1.65E+00	1.71E+00
19.19	1.70E+00	1.74E+00
19.20	1.73E+00	1.76E+00
19.21	1.75E+00	1.76E+00
19.22	1.75E+00	1.74E+00
19.23	1.73E+00	1.71E+00
19.24	1.70E+00	1.67E+00
19.25	1.65E+00	1.61E+00
19.26	1.59E+00	1.53E+00
19.27	1.52E+00	1.45E+00
19.28	1.44E+00	1.36E+00
19.29	1.35E+00	1.26E+00
19.30	1.25E+00	1.16E+00
19.31	1.14E+00	1.05E+00
19.32	1.04E+00	9.38E-01
19.33	9.26E-01	8.25E-01
19.34	8.14E-01	7.12E-01
19.35	7.00E-01	5.98E-01
19.36	5.86E-01	4.85E-01
19.37	4.72E-01	3.73E-01
19.38	3.58E-01	2.64E-01
19.39	2.45E-01	1.56E-01
19.40	1.35E-01	5.20E-02
19.41	2.59E-02	-4.88E-02
19.42	-8.02E-02	-1.46E-01
19.43	-1.84E-01	-2.39E-01
19.44	-2.84E-01	-3.28E-01
19.45	-3.80E-01	-4.12E-01
19.46	-4.72E-01	-4.91E-01
19.47	-5.59E-01	-5.64E-01
19.48	-6.40E-01	-6.30E-01
19.49	-7.12E-01	-6.88E-01
19.50	-7.76E-01	-7.37E-01
19.51	-8.30E-01	-7.76E-01
19.52	-8.73E-01	-8.03E-01
19.53	-9.03E-01	-8.19E-01
19.54	-9.21E-01	-8.22E-01
19.55	-9.25E-01	-8.11E-01
19.56	-9.15E-01	-7.88E-01
19.57	-8.91E-01	-7.51E-01
19.58	-8.55E-01	-7.03E-01
19.59	-8.06E-01	-6.43E-01
19.60	-7.47E-01	-5.73E-01
19.61	-6.77E-01	-4.93E-01
19.62	-5.98E-01	-4.06E-01
19.63	-5.12E-01	-3.13E-01
19.64	-4.21E-01	-2.16E-01
19.65	-3.26E-01	-1.16E-01
19.66	-2.30E-01	-1.63E-02
19.67	-1.34E-01	8.23E-02
19.68	-3.89E-02	1.78E-01
19.69	5.38E-02	2.71E-01
19.70	1.43E-01	3.59E-01
19.71	2.29E-01	4.42E-01
19.72	3.11E-01	5.19E-01
19.73	3.88E-01	5.90E-01
19.74	4.60E-01	6.55E-01
19.75	5.26E-01	7.13E-01
19.76	5.86E-01	7.64E-01
19.77	6.41E-01	8.09E-01
19.78	6.90E-01	8.46E-01
19.79	7.33E-01	8.77E-01
19.80	7.70E-01	9.02E-01
19.81	8.01E-01	9.20E-01
19.82	8.25E-01	9.31E-01
19.83	8.43E-01	9.35E-01
19.84	8.54E-01	9.31E-01
19.85	8.58E-01	9.21E-01
19.86	8.55E-01	9.05E-01
19.87	8.46E-01	8.82E-01
19.88	8.30E-01	8.52E-01
19.89	8.08E-01	8.18E-01
19.90	7.82E-01	7.79E-01
19.91	7.50E-01	7.35E-01
19.92	7.13E-01	6.87E-01
19.93	6.73E-01	6.37E-01
19.94	6.30E-01	5.84E-01
19.95	5.83E-01	5.29E-01
19.96	5.35E-01	4.73E-01
19.97	4.85E-01	4.17E-01
19.98	4.35E-01	3.61E-01
19.99	3.85E-01	3.08E-01
20.00	3.36E-01	2.56E-01
20.01	2.89E-01	2.08E-01
20.02	2.46E-01	1.65E-01
20.03	2.07E-01	1.27E-01
20.04	1.72E-01	9.48E-02
20.05	1.43E-01	6.92E-02
20.06	1.20E-01	5.07E-02
20.07	1.03E-01	3.97E-02
20.08	9.29E-02	3.65E-02
20.09	8.99E-02	4.14E-02
20.10	9.39E-02	5.42E-02
20.11	1.05E-01	7.47E-02
20.12	1.22E-01	1.02E-01
20.13	1.45E-01	1.36E-01
20.14	1.72E-01	1.75E-01
20.15	2.04E-01	2.18E-01
20.16	2.37E-01	2.64E-01
20.17	2.71E-01	3.10E-01
20.18	3.03E-01	3.55E-01
20.19	3.34E-01	3.98E-01
20.20	3.61E-01	4.37E-01
20.21	3.83E-01	4.71E-01
20.22	4.00E-01	5.00E-01
20.23	4.11E-01	5.22E-01
20.24	4.16E-01	5.38E-01
20.25	4.16E-01	5.47E-01
20.26	4.09E-01	5.50E-01
20.27	3.98E-01	5.47E-01
20.28	3.82E-01	5.39E-01
20.29	3.64E-01	5.27E-01
20.30	3.44E-01	5.13E-01
20.31	3.23E-01	4.97E-01
20.32	3.03E-01	4.81E-01
20.33	2.86E-01	4.66E-01
20.34	2.72E-01	4.54E-01
20.35	2.62E-01	4.45E-01
20.36	2.57E-01	4.39E-01
20.37	2.57E-01	4.37E-01
20.38	2.61E-01	4.38E-01
20.39	2.69E-01	4.43E-01
20.40	2.81E-01	4.49E-01
20.41	2.95E-01	4.57E-01
20.42	3.10E-01	4.66E-01
20.43	3.27E-01	4.75E-01
20.44	3.42E-01	4.83E-01
20.45	3.57E-01	4.89E-01
20.46	3.69E-01	4.92E-01
20.47	3.78E-01	4.90E-01
20.48	3.82E-01	4.85E-01
20.49	3.82E-01	4.74E-01
20.50	3.78E-01	4.60E-01
20.51	3.71E-01	4.42E-01
20.52	3.61E-01	4.22E-01
20.53	3.50E-01	4.00E-01
20.54	3.39E-01	3.78E-01
20.55	3.28E-01	3.58E-01
20.56	3.19E-01	3.39E-01
20.57	3.13E-01	3.24E-01
20.58	3.11E-01	3.13E-01
20.59	3.13E-01	3.08E-01
20.60	3.21E-01	3.08E-01
20.61	3.33E-01	3.13E-01
20.62	3.50E-01	3.24E-01
20.63	3.70E-01	3.39E-01
20.64	3.93E-01	3.57E-01
20.65	4.18E-01	3.78E-01
20.66	4.42E-01	4.00E-01
20.67	4.65E-01	4.22E-01
20.68	4.86E-01	4.41E-01
20.69	5.01E-01	4.56E-01
20.70	5.11E-01	4.67E-01
20.71	5.13E-01	4.72E-01
20.72	5.08E-01	4.69E-01
20.73	4.94E-01	4.59E-01
20.74	4.72E-01	4.41E-01
20.75	4.41E-01	4.15E-01
20.76	4.01E-01	3.82E-01
20.77	3.54E-01	3.41E-01
20.78	3.01E-01	2.96E-01
20.79	2.44E-01	2.46E-01
20.80	1.84E-01	1.94E-01
20.81	1.22E-01	1.41E-01
20.82	6.19E-02	8.93E-02
20.83	4.45E-03	4.10E-02
20.84	-4.83E-02	-2.54E-03
20.85	-9.51E-02	-4.00E-02
20.86	-1.35E-01	-7.01E-02
20.87	-1.65E-01	-9.19E-02
20.88	-1.87E-01	-1.05E-01
20.89	-2.00E-01	-1.09E-01
20.90	-2.04E-01	-1.04E-01
20.91	-2.00E-01	-9.22E-02
20.92	-1.88E-01	-7.30E-02
20.93	-1.70E-01	-4.73E-02
20.94	-1.45E-01	-1.57E-02
20.95	-1.14E-01	2.09E-02
20.96	-7.85E-02	6.16E-02
20.97	-3.93E-02	1.05E-01
20.98	2.48E-03	1.51E-01
20.99	4.56E-02	1.97E-01
21.00	8.89E-02	2.42E-01
21.01	1.32E-01	2.86E-01
21.02	1.74E-01	3.29E-01
21.03	2.15E-01	3.70E-01
21.04	2.55E-01	4.09E-01
21.05	2.94E-01	4.46E-01
21.06	3.34E-01	4.83E-01
21.07	3.72E-01	5.18E-01
21.08	4.11E-01	5.53E-01
21.09	4.50E-01	5.87E-01
21.10	4.90E-01	6.21E-01
21.11	5.30E-01	6.55E-01
21.12	5.71E-01	6.90E-01
21.13	6.14E-01	7.25E-01
21.14	6.58E-01	7.61E-01
21.15	7.02E-01	7.97E-01
21.16	7.46E-01	8.33E-01
21.17	7.88E-01	8.67E-01
21.18	8.28E-01	8.99E-01
21.19	8.65E-01	9.26E-01
21.20	8.97E-01	9.50E-01
21.21	9.23E-01	9.68E-01
21.22	9.43E-01	9.79E-01
21.23	9.56E-01	9.84E-01
21.24	9.60E-01	9.80E-01
21.25	9.56E-01	9.69E-01
21.26	9.43E-01	9.48E-01
21.27	9.20E-01	9.20E-01
21.28	8.89E-01	8.82E-01
21.29	8.48E-01	8.36E-01
21.30	7.99E-01	7.82E-01
21.31	7.41E-01	7.21E-01
21.32	6.77E-01	6.53E-01
21.33	6.06E-01	5.80E-01
21.34	5.30E-01	5.02E-01
21.35	4.51E-01	4.22E-01
21.36	3.69E-01	3.39E-01
21.37	2.85E-01	2.56E-01
21.38	2.01E-01	1.73E-01
21.39	1.16E-01	9.10E-02
21.40	3.33E-02	1.09E-02
21.41	-4.79E-02	-6.68E-02
21.42	-1.27E-01	-1.41E-01
21.43	-2.02E-01	-2.12E-01
21.44	-2.73E-01	-2.77E-01
21.45	-3.40E-01	-3.38E-01
21.46	-4.02E-01	-3.93E-01
21.47	-4.58E-01	-4.42E-01
21.48	-5.07E-01	-4.84E-01
21.49	-5.49E-01	-5.18E-01
21.50	-5.85E-01	-5.45E-01
21.51	-6.12E-01	-5.64E-01
21.52	-6.31E-01	-5.75E-01
21.53	-6.43E-01	-5.78E-01
21.54	-6.46E-01	-5.73E-01
21.55	-6.42E-01	-5.61E-01
21.56	-6.30E-01	-5.41E-01
21.57	-6.11E-01	-5.14E-01
21.58	-5.86E-01	-4.80E-01
21.59	-5.55E-01	-4.42E-01
21.60	-5.19E-01	-3.99E-01
21.61	-4.78E-01	-3.53E-01
21.62	-4.34E-01	-3.03E-01
21.63	-3.88E-01	-2.51E-01
21.64	-3.38E-01	-1.98E-01
21.65	-2.87E-01	-1.43E-01
21.66	-2.34E-01	-8.66E-02
21.67	-1.80E-01	-3.05E-02
21.68	-1.25E-01	2.51E-02
21.69	-7.15E-02	7.98E-02
21.70	-1.81E-02	1.33E-01
21.71	3.41E-02	1.84E-01
21.72	8.46E-02	2.33E-01
21.73	1.33E-01	2.80E-01
21.74	1.79E-01	3.22E-01
21.75	2.22E-01	3.61E-01
21.76	2.61E-01	3.96E-01
21.77	2.97E-01	4.27E-01
21.78	3.28E-01	4.53E-01
21.79	3.56E-01	4.75E-01
21.80	3.81E-01	4.93E-01
21.81	4.04E-01	5.09E-01
21.82	4.24E-01	5.22E-01
21.83	4.44E-01	5.34E-01
21.84	4.63E-01	5.45E-01
21.85	4.82E-01	5.56E-01
21.86	5.02E-01	5.68E-01
21.87	5.24E-01	5.82E-01
21.88	5.48E-01	5.98E-01
21.89	5.75E-01	6.17E-01
21.90	6.04E-01	6.38E-01
21.91	6.35E-01	6.62E-01
21.92	6.67E-01	6.87E-01
21.93	7.00E-01	7.14E-01
21.94	7.33E-01	7.41E-01
21.95	7.66E-01	7.68E-01
21.96	7.97E-01	7.94E-01
21.97	8.25E-01	8.18E-01
21.98	8.50E-01	8.39E-01
21.99	8.71E-01	8.56E-01
22.00	8.86E-01	8.68E-01
22.01	8.95E-01	8.75E-01
22.02	8.97E-01	8.75E-01
22.03	8.90E-01	8.67E-01
22.04	8.75E-01	8.52E-01
22.05	8.52E-01	8.30E-01
22.06	8.21E-01	8.00E-01
22.07	7.82E-01	7.63E-01
22.08	7.38E-01	7.21E-01
22.09	6.88E-01	6.75E-01
22.10	6.33E-01	6.24E-01
22.11	5.76E-01	5.72E-01
22.12	5.17E-01	5.17E-01
22.13	4.57E-01	4.63E-01
22.14	3.97E-01	4.09E-01
22.15	3.40E-01	3.58E-01
22.16	2.85E-01	3.10E-01
22.17	2.34E-01	2.66E-01
22.18	1.88E-01	2.26E-01
22.19	1.46E-01	1.91E-01
22.20	1.08E-01	1.60E-01
22.21	7.48E-02	1.34E-01
22.22	4.59E-02	1.12E-01
22.23	2.11E-02	9.42E-02
22.24	7.67E-06	7.99E-02
22.25	-1.77E-02	6.88E-02
22.26	-3.25E-02	6.04E-02
22.27	-4.46E-02	5.43E-02
22.28	-5.43E-02	5.04E-02
22.29	-6.15E-02	4.85E-02
22.30	-6.65E-02	4.85E-02
22.31	-6.92E-02	5.02E-02
22.32	-6.95E-02	5.38E-02
22.33	-6.71E-02	5.95E-02
22.34	-6.17E-02	6.77E-02
22.35	-5.29E-02	7.85E-02
22.36	-4.07E-02	9.23E-02
22.37	-2.48E-02	1.09E-01
22.38	-5.14E-03	1.29E-01
22.39	1.81E-02	1.52E-01
22.40	4.48E-02	1.77E-01
22.41	7.45E-02	2.06E-01
22.42	1.07E-01	2.35E-01
22.43	1.41E-01	2.67E-01
22.44	1.76E-01	2.99E-01
22.45	2.12E-01	3.30E-01
22.46	2.47E-01	3.62E-01
22.47	2.83E-01	3.92E-01
22.48	3.17E-01	4.21E-01
22.49	3.49E-01	4.48E-01
22.50	3.79E-01	4.72E-01
22.51	4.06E-01	4.93E-01
22.52	4.30E-01	5.11E-01
22.53	4.50E-01	5.24E-01
22.54	4.66E-01	5.34E-01
22.55	4.77E-01	5.39E-01
22.56	4.84E-01	5.40E-01
22.57	4.86E-01	5.36E-01
22.58	4.83E-01	5.26E-01
22.59	4.75E-01	5.12E-01
22.60	4.62E-01	4.93E-01
22.61	4.45E-01	4.71E-01
22.62	4.25E-01	4.46E-01
22.63	4.03E-01	4.19E-01
22.64	3.79E-01	3.91E-01
22.65	3.54E-01	3.62E-01
22.66	3.29E-01	3.33E-01
22.67	3.04E-01	3.06E-01
22.68	2.82E-01	2.81E-01
22.69	2.63E-01	2.60E-01
22.70	2.47E-01	2.44E-01
22.71	2.36E-01	2.32E-01
22.72	2.30E-01	2.26E-01
22.73	2.27E-01	2.24E-01
22.74	2.30E-01	2.28E-01
22.75	2.36E-01	2.36E-01
22.76	2.46E-01	2.48E-01
22.77	2.60E-01	2.65E-01
22.78	2.76E-01	2.84E-01
22.79	2.94E-01	3.06E-01
22.80	3.14E-01	3.30E-01
22.81	3.34E-01	3.54E-01
22.82	3.54E-01	3.79E-01
22.83	3.73E-01	4.03E-01
22.84	3.91E-01	4.25E-01
22.85	4.06E-01	4.46E-01
22.86	4.18E-01	4.64E-01
22.87	4.28E-01	4.78E-01
22.88	4.33E-01	4.90E-01
22.89	4.36E-01	4.97E-01
22.90	4.35E-01	5.02E-01
22.91	4.31E-01	5.03E-01
22.92	4.24E-01	5.01E-01
22.93	4.14E-01	4.97E-01
22.94	4.01E-01	4.89E-01
22.95	3.86E-01	4.78E-01
22.96	3.69E-01	4.65E-01
22.97	3.48E-01	4.49E-01
22.98	3.26E-01	4.30E-01
22.99	3.02E-01	4.08E-01
23.00	2.75E-01	3.84E-01
23.01	2.46E-01	3.57E-01
23.02	2.15E-01	3.28E-01
23.03	1.83E-01	2.96E-01
23.04	1.49E-01	2.63E-01
23.05	1.13E-01	2.27E-01
23.06	7.73E-02	1.91E-01
23.07	4.09E-02	1.54E-01
23.08	4.99E-03	1.17E-01
23.09	-2.97E-02	8.05E-02
23.10	-6.23E-02	4.61E-02
23.11	-9.17E-02	1.44E-02
23.12	-1.17E-01	-1.36E-02
23.13	-1.38E-01	-3.72E-02
23.14	-1.54E-01	-5.60E-02
23.15	-1.64E-01	-7.00E-02
23.16	-1.69E-01	-7.89E-02
23.17	-1.69E-01	-8.26E-02
23.18	-1.64E-01	-8.11E-02
23.19	-1.53E-01	-7.43E-02
23.20	-1.36E-01	-6.25E-02
23.21	-1.15E-01	-4.59E-02
23.22	-9.01E-02	-2.50E-02
23.23	-6.09E-02	-1.95E-04
23.24	-2.85E-02	2.79E-02
23.25	6.65E-03	5.88E-02
23.26	4.39E-02	9.20E-02
23.27	8.28E-02	1.27E-01
23.28	1.23E-01	1.63E-01
23.29	1.63E-01	2.00E-01
23.30	2.04E-01	2.38E-01
23.31	2.43E-01	2.75E-01
23.32	2.82E-01	3.11E-01
23.33	3.19E-01	3.45E-01
23.34	3.53E-01	3.77E-01
23.35	3.83E-01	4.06E-01
23.36	4.10E-01	4.32E-01
23.37	4.33E-01	4.54E-01
23.38	4.52E-01	4.73E-01
23.39	4.68E-01	4.87E-01
23.40	4.79E-01	4.99E-01
23.41	4.86E-01	5.07E-01
23.42	4.90E-01	5.11E-01
23.43	4.91E-01	5.13E-01
23.44	4.90E-01	5.13E-01
23.45	4.86E-01	5.11E-01
23.46	4.82E-01	5.08E-01
23.47	4.76E-01	5.05E-01
23.48	4.70E-01	5.01E-01
23.49	4.63E-01	4.97E-01
23.50	4.57E-01	4.94E-01
23.51	4.51E-01	4.91E-01
23.52	4.46E-01	4.89E-01
23.53	4.41E-01	4.87E-01
23.54	4.35E-01	4.85E-01
23.55	4.29E-01	4.83E-01
23.56	4.21E-01	4.78E-01
23.57	4.11E-01	4.71E-01
23.58	3.98E-01	4.62E-01
23.59	3.83E-01	4.50E-01
23.60	3.65E-01	4.36E-01
23.61	3.46E-01	4.20E-01
23.62	3.26E-01	4.03E-01
23.63	3.06E-01	3.85E-01
23.64	2.86E-01	3.67E-01
23.65	2.66E-01	3.50E-01
23.66	2.47E-01	3.33E-01
23.67	2.29E-01	3.17E-01
23.68	2.13E-01	3.02E-01
23.69	1.98E-01	2.89E-01
23.70	1.86E-01	2.78E-01
23.71	1.74E-01	2.68E-01
23.72	1.65E-01	2.59E-01
23.73	1.58E-01	2.52E-01
23.74	1.53E-01	2.47E-01
23.75	1.49E-01	2.43E-01
23.76	1.46E-01	2.39E-01
23.77	1.45E-01	2.37E-01
23.78	1.44E-01	2.36E-01
23.79	1.46E-01	2.35E-01
23.80	1.49E-01	2.37E-01
23.81	1.55E-01	2.41E-01
23.82	1.64E-01	2.48E-01
23.83	1.77E-01	2.58E-01
23.84	1.92E-01	2.71E-01
23.85	2.10E-01	2.86E-01
23.86	2.30E-01	3.04E-01
23.87	2.51E-01	3.22E-01
23.88	2.73E-01	3.42E-01
23.89	2.94E-01	3.61E-01
23.90	3.15E-01	3.78E-01
23.91	3.33E-01	3.94E-01
23.92	3.49E-01	4.08E-01
23.93	3.63E-01	4.19E-01
23.94	3.73E-01	4.26E-01
23.95	3.81E-01	4.31E-01
23.96	3.85E-01	4.32E-01
23.97	3.86E-01	4.31E-01
23.98	3.85E-01	4.28E-01
23.99	3.83E-01	4.23E-01
24.00	3.79E-01	4.17E-01
24.01	3.75E-01	4.12E-01
24.02	3.71E-01	4.06E-01
24.03	3.68E-01	4.02E-01
24.04	3.66E-01	3.99E-01
24.05	3.64E-01	3.97E-01
24.06	3.63E-01	3.95E-01
24.07	3.61E-01	3.93E-01
24.08	3.57E-01	3.89E-01
24.09	3.50E-01	3.83E-01
24.10	3.39E-01	3.73E-01
24.11	3.23E-01	3.57E-01
24.12	3.01E-01	3.36E-01
24.13	2.73E-01	3.09E-01
24.14	2.40E-01	2.77E-01
24.15	2.03E-01	2.41E-01
24.16	1.62E-01	2.02E-01
24.17	1.20E-01	1.62E-01
24.18	7.75E-02	1.21E-01
24.19	3.77E-02	8.35E-02
24.20	3.07E-03	5.11E-02
24.21	-2.40E-02	2.66E-02
24.22	-4.09E-02	1.24E-02
24.23	-4.57E-02	1.05E-02
24.24	-3.75E-02	2.17E-02
24.25	-1.65E-02	4.58E-02
24.26	1.64E-02	8.17E-02
24.27	5.92E-02	1.28E-01
24.28	1.10E-01	1.81E-01
24.29	1.66E-01	2.40E-01
24.30	2.24E-01	3.00E-01
24.31	2.80E-01	3.59E-01
24.32	3.32E-01	4.12E-01
24.33	3.76E-01	4.58E-01
24.34	4.09E-01	4.92E-01
24.35	4.29E-01	5.13E-01
24.36	4.36E-01	5.21E-01
24.37	4.31E-01	5.16E-01
24.38	4.14E-01	4.99E-01
24.39	3.87E-01	4.72E-01
24.40	3.52E-01	4.38E-01
24.41	3.13E-01	3.99E-01
24.42	2.72E-01	3.58E-01
24.43	2.33E-01	3.19E-01
24.44	1.99E-01	2.84E-01
24.45	1.71E-01	2.56E-01
24.46	1.52E-01	2.37E-01
24.47	1.42E-01	2.26E-01
24.48	1.40E-01	2.23E-01
24.49	1.46E-01	2.28E-01
24.50	1.59E-01	2.39E-01
24.51	1.76E-01	2.55E-01
24.52	1.97E-01	2.73E-01
24.53	2.20E-01	2.93E-01
24.54	2.42E-01	3.13E-01
24.55	2.64E-01	3.32E-01
24.56	2.84E-01	3.49E-01
24.57	3.02E-01	3.64E-01
24.58	3.18E-01	3.77E-01
24.59	3.33E-01	3.89E-01
24.60	3.48E-01	4.02E-01
24.61	3.64E-01	4.15E-01
24.62	3.82E-01	4.32E-01
24.63	4.04E-01	4.52E-01
24.64	4.31E-01	4.78E-01
24.65	4.64E-01	5.10E-01
24.66	5.04E-01	5.48E-01
24.67	5.49E-01	5.94E-01
24.68	6.01E-01	6.44E-01
24.69	6.57E-01	6.99E-01
24.70	7.15E-01	7.56E-01
24.71	7.74E-01	8.14E-01
24.72	8.30E-01	8.69E-01
24.73	8.81E-01	9.19E-01
24.74	9.25E-01	9.62E-01
24.75	9.61E-01	9.97E-01
24.76	9.86E-01	1.02E+00
24.77	9.99E-01	1.03E+00
24.78	1.00E+00	1.04E+00
24.79	9.92E-01	1.03E+00
24.80	9.71E-01	1.01E+00
24.81	9.41E-01	9.75E-01
24.82	9.01E-01	9.37E-01
24.83	8.55E-01	8.92E-01
24.84	8.01E-01	8.41E-01
24.85	7.43E-01	7.84E-01
24.86	6.80E-01	7.23E-01
24.87	6.13E-01	6.59E-01
24.88	5.42E-01	5.90E-01
24.89	4.68E-01	5.17E-01
24.90	3.89E-01	4.40E-01
24.91	3.06E-01	3.59E-01
24.92	2.18E-01	2.73E-01
24.93	1.25E-01	1.81E-01
24.94	2.73E-02	8.44E-02
24.95	-7.39E-02	-1.55E-02
24.96	-1.77E-01	-1.17E-01
24.97	-2.81E-01	-2.19E-01
24.98	-3.82E-01	-3.19E-01
24.99	-4.79E-01	-4.15E-01
25.00	-5.69E-01	-5.03E-01
25.01	-6.50E-01	-5.81E-01
25.02	-7.20E-01	-6.48E-01
25.03	-7.75E-01	-7.01E-01
25.04	-8.16E-01	-7.39E-01
25.05	-8.41E-01	-7.62E-01
25.06	-8.50E-01	-7.68E-01
25.07	-8.43E-01	-7.58E-01
25.08	-8.21E-01	-7.34E-01
25.09	-7.84E-01	-6.96E-01
25.10	-7.35E-01	-6.45E-01
25.11	-6.74E-01	-5.83E-01
25.12	-6.02E-01	-5.11E-01
25.13	-5.22E-01	-4.30E-01
25.14	-4.35E-01	-3.43E-01
25.15	-3.41E-01	-2.50E-01
25.16	-2.44E-01	-1.53E-01
25.17	-1.43E-01	-5.33E-02
25.18	-4.01E-02	4.88E-02
25.19	6.45E-02	1.53E-01
25.20	1.71E-01	2.58E-01
25.21	2.78E-01	3.64E-01
25.22	3.85E-01	4.71E-01
25.23	4.93E-01	5.78E-01
25.24	6.01E-01	6.85E-01
25.25	7.07E-01	7.89E-01
25.26	8.09E-01	8.90E-01
25.27	9.06E-01	9.86E-01
25.28	9.96E-01	1.07E+00
25.29	1.08E+00	1.15E+00
25.30	1.15E+00	1.22E+00
25.31	1.21E+00	1.28E+00
25.32	1.26E+00	1.32E+00
25.33	1.29E+00	1.35E+00
25.34	1.31E+00	1.36E+00
25.35	1.30E+00	1.36E+00
25.36	1.29E+00	1.34E+00
25.37	1.26E+00	1.30E+00
25.38	1.21E+00	1.25E+00
25.39	1.16E+00	1.19E+00
25.40	1.09E+00	1.13E+00
25.41	1.02E+00	1.05E+00
25.42	9.47E-01	9.78E-01
25.43	8.73E-01	9.02E-01
25.44	8.00E-01	8.28E-01
25.45	7.30E-01	7.56E-01
25.46	6.64E-01	6.89E-01
25.47	6.02E-01	6.27E-01
25.48	5.46E-01	5.70E-01
25.49	4.94E-01	5.18E-01
25.50	4.47E-01	4.70E-01
25.51	4.03E-01	4.27E-01
25.52	3.63E-01	3.86E-01
25.53	3.26E-01	3.49E-01
25.54	2.91E-01	3.14E-01
25.55	2.59E-01	2.82E-01
25.56	2.28E-01	2.53E-01
25.57	2.01E-01	2.27E-01
25.58	1.77E-01	2.05E-01
25.59	1.57E-01	1.88E-01
25.60	1.43E-01	1.76E-01
25.61	1.35E-01	1.72E-01
25.62	1.36E-01	1.76E-01
25.63	1.45E-01	1.89E-01
25.64	1.64E-01	2.12E-01
25.65	1.92E-01	2.45E-01
25.66	2.30E-01	2.86E-01
25.67	2.75E-01	3.36E-01
25.68	3.27E-01	3.92E-01
25.69	3.83E-01	4.51E-01
25.70	4.40E-01	5.11E-01
25.71	4.95E-01	5.69E-01
25.72	5.44E-01	6.21E-01
25.73	5.85E-01	6.64E-01
25.74	6.15E-01	6.96E-01
25.75	6.31E-01	7.14E-01
25.76	6.34E-01	7.18E-01
25.77	6.23E-01	7.08E-01
25.78	6.00E-01	6.87E-01
25.79	5.67E-01	6.54E-01
25.80	5.24E-01	6.13E-01
25.81	4.77E-01	5.67E-01
25.82	4.27E-01	5.18E-01
25.83	3.79E-01	4.71E-01
25.84	3.36E-01	4.29E-01
25.85	3.00E-01	3.93E-01
25.86	2.73E-01	3.65E-01
25.87	2.54E-01	3.47E-01
25.88	2.45E-01	3.37E-01
25.89	2.45E-01	3.36E-01
25.90	2.51E-01	3.40E-01
25.91	2.63E-01	3.50E-01
25.92	2.76E-01	3.60E-01
25.93	2.88E-01	3.70E-01
25.94	2.98E-01	3.76E-01
25.95	3.02E-01	3.77E-01
25.96	3.01E-01	3.73E-01
25.97	2.94E-01	3.62E-01
25.98	2.81E-01	3.46E-01
25.99	2.63E-01	3.24E-01
26.00	2.41E-01	3.00E-01
26.01	2.20E-01	2.76E-01
26.02	2.01E-01	2.55E-01
26.03	1.88E-01	2.40E-01
26.04	1.84E-01	2.34E-01
26.05	1.91E-01	2.39E-01
26.06	2.11E-01	2.57E-01
26.07	2.45E-01	2.90E-01
26.08	2.92E-01	3.36E-01
26.09	3.52E-01	3.95E-01
26.10	4.23E-01	4.65E-01
26.11	5.03E-01	5.43E-01
26.12	5.88E-01	6.27E-01
26.13	6.76E-01	7.13E-01
26.14	7.62E-01	7.97E-01
26.15	8.45E-01	8.78E-01
26.16	9.20E-01	9.52E-01
26.17	9.85E-01	1.02E+00
26.18	1.04E+00	1.07E+00
26.19	1.08E+00	1.11E+00
26.20	1.10E+00	1.13E+00
26.21	1.11E+00	1.14E+00
26.22	1.10E+00	1.14E+00
26.23	1.09E+00	1.12E+00
26.24	1.05E+00	1.09E+00
26.25	1.01E+00	1.04E+00
26.26	9.48E-01	9.86E-01
26.27	8.81E-01	9.21E-01
26.28	8.04E-01	8.46E-01
26.29	7.18E-01	7.62E-01
26.30	6.24E-01	6.70E-01
26.31	5.21E-01	5.70E-01
26.32	4.12E-01	4.63E-01
26.33	2.97E-01	3.48E-01
26.34	1.75E-01	2.28E-01
26.35	4.93E-02	1.04E-01
26.36	-8.03E-02	-2.44E-02
26.37	-2.12E-01	-1.55E-01
26.38	-3.44E-01	-2.85E-01
26.39	-4.75E-01	-4.14E-01
26.40	-6.02E-01	-5.39E-01
26.41	-7.23E-01	-6.57E-01
26.42	-8.35E-01	-7.67E-01
26.43	-9.37E-01	-8.66E-01
26.44	-1.03E+00	-9.52E-01
26.45	-1.10E+00	-1.02E+00
26.46	-1.16E+00	-1.08E+00
26.47	-1.21E+00	-1.13E+00
26.48	-1.24E+00	-1.15E+00
26.49	-1.26E+00	-1.17E+00
26.50	-1.26E+00	-1.16E+00
26.51	-1.24E+00	-1.15E+00
26.52	-1.22E+00	-1.12E+00
26.53	-1.18E+00	-1.08E+00
26.54	-1.13E+00	-1.03E+00
26.55	-1.07E+00	-9.72E-01
26.56	-1.00E+00	-9.03E-01
26.57	-9.23E-01	-8.27E-01
26.58	-8.39E-01	-7.43E-01
26.59	-7.48E-01	-6.51E-01
26.60	-6.49E-01	-5.53E-01
26.61	-5.44E-01	-4.48E-01
26.62	-4.32E-01	-3.36E-01
26.63	-3.14E-01	-2.18E-01
26.64	-1.90E-01	-9.50E-02
26.65	-6.17E-02	3.31E-02
26.66	7.12E-02	1.65E-01
26.67	2.07E-01	3.00E-01
26.68	3.46E-01	4.37E-01
26.69	4.86E-01	5.75E-01
26.70	6.26E-01	7.12E-01
26.71	7.64E-01	8.47E-01
26.72	9.00E-01	9.80E-01
26.73	1.03E+00	1.11E+00
26.74	1.16E+00	1.23E+00
26.75	1.28E+00	1.35E+00
26.76	1.39E+00	1.46E+00
26.77	1.50E+00	1.56E+00
26.78	1.59E+00	1.65E+00
26.79	1.68E+00	1.73E+00
26.80	1.75E+00	1.80E+00
26.81	1.81E+00	1.86E+00
26.82	1.86E+00	1.90E+00
26.83	1.90E+00	1.94E+00
26.84	1.92E+00	1.96E+00
26.85	1.93E+00	1.96E+00
26.86	1.93E+00	1.95E+00
26.87	1.91E+00	1.93E+00
26.88	1.87E+00	1.89E+00
26.89	1.82E+00	1.84E+00
26.90	1.76E+00	1.77E+00
26.91	1.68E+00	1.69E+00
26.92	1.59E+00	1.60E+00
26.93	1.48E+00	1.49E+00
26.94	1.36E+00	1.37E+00
26.95	1.24E+00	1.24E+00
26.96	1.11E+00	1.11E+00
26.97	9.66E-01	9.72E-01
26.98	8.24E-01	8.30E-01
26.99	6.79E-01	6.86E-01
27.00	5.35E-01	5.43E-01
27.01	3.92E-01	4.02E-01
27.02	2.52E-01	2.64E-01
27.03	1.16E-01	1.32E-01
27.04	-1.37E-02	5.32E-03
27.05	-1.38E-01	-1.15E-01
27.06	-2.55E-01	-2.28E-01
27.07	-3.65E-01	-3.34E-01
27.08	-4.69E-01	-4.34E-01
27.09	-5.66E-01	-5.26E-01
27.10	-6.56E-01	-6.12E-01
27.11	-7.39E-01	-6.90E-01
27.12	-8.15E-01	-7.61E-01
27.13	-8.83E-01	-8.24E-01
27.14	-9.43E-01	-8.79E-01
27.15	-9.93E-01	-9.25E-01
27.16	-1.03E+00	-9.61E-01
27.17	-1.07E+00	-9.87E-01
27.18	-1.09E+00	-1.00E+00
27.19	-1.10E+00	-1.01E+00
27.20	-1.09E+00	-1.00E+00
27.21	-1.08E+00	-9.81E-01
27.22	-1.05E+00	-9.51E-01
27.23	-1.02E+00	-9.10E-01
27.24	-9.70E-01	-8.58E-01
27.25	-9.12E-01	-7.96E-01
27.26	-8.45E-01	-7.26E-01
27.27	-7.69E-01	-6.47E-01
27.28	-6.86E-01	-5.62E-01
27.29	-5.97E-01	-4.72E-01
27.30	-5.03E-01	-3.77E-01
27.31	-4.04E-01	-2.78E-01
27.32	-3.04E-01	-1.78E-01
27.33	-2.01E-01	-7.61E-02
27.34	-9.80E-02	2.54E-02
27.35	4.60E-03	1.26E-01
27.36	1.06E-01	2.25E-01
27.37	2.06E-01	3.22E-01
27.38	3.03E-01	4.16E-01
27.39	3.96E-01	5.07E-01
27.40	4.86E-01	5.93E-01
27.41	5.71E-01	6.74E-01
27.42	6.51E-01	7.49E-01
27.43	7.24E-01	8.18E-01
27.44	7.91E-01	8.80E-01
27.45	8.52E-01	9.35E-01
27.46	9.04E-01	9.82E-01
27.47	9.49E-01	1.02E+00
27.48	9.87E-01	1.05E+00
27.49	1.02E+00	1.08E+00
27.50	1.04E+00	1.09E+00
27.51	1.05E+00	1.10E+00
27.52	1.06E+00	1.10E+00
27.53	1.06E+00	1.09E+00
27.54	1.05E+00	1.08E+00
27.55	1.03E+00	1.06E+00
27.56	1.01E+00	1.03E+00
27.57	9.81E-01	9.96E-01
27.58	9.47E-01	9.57E-01
27.59	9.07E-01	9.13E-01
27.60	8.62E-01	8.65E-01
27.61	8.11E-01	8.12E-01
27.62	7.56E-01	7.55E-01
27.63	6.95E-01	6.92E-01
27.64	6.30E-01	6.26E-01
27.65	5.59E-01	5.55E-01
27.66	4.84E-01	4.80E-01
27.67	4.05E-01	4.01E-01
27.68	3.21E-01	3.18E-01
27.69	2.35E-01	2.33E-01
27.70	1.45E-01	1.45E-01
27.71	5.46E-02	5.68E-02
27.72	-3.69E-02	-3.19E-02
27.73	-1.28E-01	-1.19E-01
27.74	-2.17E-01	-2.05E-01
27.75	-3.03E-01	-2.87E-01
27.76	-3.85E-01	-3.64E-01
27.77	-4.62E-01	-4.35E-01
27.78	-5.31E-01	-4.98E-01
27.79	-5.92E-01	-5.53E-01
27.80	-6.44E-01	-5.99E-01
27.81	-6.86E-01	-6.35E-01
27.82	-7.18E-01	-6.59E-01
27.83	-7.38E-01	-6.73E-01
27.84	-7.46E-01	-6.75E-01
27.85	-7.43E-01	-6.65E-01
27.86	-7.28E-01	-6.44E-01
27.87	-7.03E-01	-6.13E-01
27.88	-6.67E-01	-5.71E-01
27.89	-6.21E-01	-5.20E-01
27.90	-5.66E-01	-4.60E-01
27.91	-5.04E-01	-3.93E-01
27.92	-4.34E-01	-3.20E-01
27.93	-3.60E-01	-2.41E-01
27.94	-2.81E-01	-1.59E-01
27.95	-1.99E-01	-7.40E-02
27.96	-1.14E-01	1.26E-02
27.97	-2.92E-02	9.96E-02
27.98	5.59E-02	1.86E-01
27.99	1.40E-01	2.71E-01
28.00	2.23E-01	3.54E-01
28.01	3.05E-01	4.35E-01
28.02	3.84E-01	5.13E-01
28.03	4.60E-01	5.88E-01
28.04	5.34E-01	6.59E-01
28.05	6.04E-01	7.27E-01
28.06	6.71E-01	7.90E-01
28.07	7.35E-01	8.50E-01
28.08	7.95E-01	9.05E-01
28.09	8.52E-01	9.57E-01
28.10	9.06E-01	1.00E+00
28.11	9.56E-01	1.05E+00
28.12	1.00E+00	1.09E+00
28.13	1.04E+00	1.13E+00
28.14	1.08E+00	1.16E+00
28.15	1.12E+00	1.18E+00
28.16	1.14E+00	1.20E+00
28.17	1.16E+00	1.22E+00
28.18	1.18E+00	1.23E+00
28.19	1.19E+00	1.23E+00
28.20	1.18E+00	1.22E+00
28.21	1.17E+00	1.20E+00
28.22	1.15E+00	1.18E+00
28.23	1.12E+00	1.14E+00
28.24	1.09E+00	1.10E+00
28.25	1.04E+00	1.04E+00
28.26	9.82E-01	9.84E-01
28.27	9.18E-01	9.17E-01
28.28	8.49E-01	8.44E-01
28.29	7.74E-01	7.66E-01
28.30	6.95E-01	6.85E-01
28.31	6.14E-01	6.02E-01
28.32	5.32E-01	5.19E-01
28.33	4.51E-01	4.37E-01
28.34	3.71E-01	3.58E-01
28.35	2.94E-01	2.82E-01
28.36	2.19E-01	2.09E-01
28.37	1.49E-01	1.41E-01
28.38	8.18E-02	7.66E-02
28.39	1.91E-02	1.74E-02
28.40	-3.94E-02	-3.71E-02
28.41	-9.37E-02	-8.69E-02
28.42	-1.44E-01	-1.32E-01
28.43	-1.90E-01	-1.73E-01
28.44	-2.33E-01	-2.11E-01
28.45	-2.72E-01	-2.44E-01
28.46	-3.07E-01	-2.73E-01
28.47	-3.38E-01	-2.97E-01
28.48	-3.66E-01	-3.18E-01
28.49	-3.89E-01	-3.34E-01
28.50	-4.07E-01	-3.46E-01
28.51	-4.20E-01	-3.52E-01
28.52	-4.27E-01	-3.53E-01
28.53	-4.29E-01	-3.48E-01
28.54	-4.25E-01	-3.38E-01
28.55	-4.16E-01	-3.21E-01
28.56	-4.00E-01	-2.99E-01
28.57	-3.77E-01	-2.71E-01
28.58	-3.49E-01	-2.38E-01
28.59	-3.15E-01	-1.99E-01
28.60	-2.76E-01	-1.56E-01
28.61	-2.33E-01	-1.09E-01
28.62	-1.86E-01	-5.86E-02
28.63	-1.37E-01	-6.86E-03
28.64	-8.63E-02	4.58E-02
28.65	-3.48E-02	9.86E-02
28.66	1.65E-02	1.50E-01
28.67	6.68E-02	2.01E-01
28.68	1.15E-01	2.49E-01
28.69	1.62E-01	2.94E-01
28.70	2.07E-01	3.37E-01
28.71	2.49E-01	3.77E-01
28.72	2.90E-01	4.15E-01
28.73	3.29E-01	4.50E-01
28.74	3.65E-01	4.83E-01
28.75	4.01E-01	5.14E-01
28.76	4.35E-01	5.44E-01
28.77	4.69E-01	5.73E-01
28.78	5.03E-01	6.01E-01
28.79	5.36E-01	6.29E-01
28.80	5.70E-01	6.57E-01
28.81	6.05E-01	6.85E-01
28.82	6.39E-01	7.13E-01
28.83	6.73E-01	7.40E-01
28.84	7.07E-01	7.67E-01
28.85	7.39E-01	7.93E-01
28.86	7.70E-01	8.17E-01
28.87	7.99E-01	8.40E-01
28.88	8.26E-01	8.60E-01
28.89	8.48E-01	8.76E-01
28.90	8.67E-01	8.89E-01
28.91	8.80E-01	8.97E-01
28.92	8.89E-01	9.01E-01
28.93	8.93E-01	9.00E-01
28.94	8.90E-01	8.94E-01
28.95	8.82E-01	8.82E-01
28.96	8.68E-01	8.65E-01
28.97	8.48E-01	8.43E-01
28.98	8.23E-01	8.15E-01
28.99	7.92E-01	7.83E-01
29.00	7.56E-01	7.46E-01
29.01	7.15E-01	7.05E-01
29.02	6.70E-01	6.61E-01
29.03	6.22E-01	6.14E-01
29.04	5.71E-01	5.64E-01
29.05	5.17E-01	5.12E-01
29.06	4.60E-01	4.58E-01
29.07	4.03E-01	4.03E-01
29.08	3.44E-01	3.48E-01
29.09	2.84E-01	2.92E-01
29.10	2.23E-01	2.36E-01
29.11	1.62E-01	1.80E-01
29.12	1.01E-01	1.24E-01
29.13	4.06E-02	6.90E-02
29.14	-1.96E-02	1.47E-02
29.15	-7.91E-02	-3.87E-02
29.16	-1.37E-01	-9.09E-02
29.17	-1.94E-01	-1.41E-01
29.18	-2.49E-01	-1.90E-01
29.19	-3.01E-01	-2.35E-01
29.20	-3.50E-01	-2.78E-01
29.21	-3.94E-01	-3.16E-01
29.22	-4.34E-01	-3.49E-01
29.23	-4.67E-01	-3.77E-01
29.24	-4.94E-01	-3.98E-01
29.25	-5.13E-01	-4.12E-01
29.26	-5.24E-01	-4.18E-01
29.27	-5.27E-01	-4.17E-01
29.28	-5.21E-01	-4.06E-01
29.29	-5.05E-01	-3.87E-01
29.30	-4.81E-01	-3.60E-01
29.31	-4.49E-01	-3.25E-01
29.32	-4.08E-01	-2.81E-01
29.33	-3.60E-01	-2.31E-01
29.34	-3.05E-01	-1.75E-01
29.35	-2.44E-01	-1.14E-01
29.36	-1.78E-01	-4.79E-02
29.37	-1.08E-01	2.17E-02
29.38	-3.40E-02	9.43E-02
29.39	4.24E-02	1.69E-01
29.40	1.21E-01	2.45E-01
29.41	2.01E-01	3.22E-01
29.42	2.81E-01	3.99E-01
29.43	3.61E-01	4.75E-01
29.44	4.39E-01	5.49E-01
29.45	5.16E-01	6.21E-01
29.46	5.91E-01	6.91E-01
29.47	6.62E-01	7.56E-01
29.48	7.29E-01	8.18E-01
29.49	7.92E-01	8.75E-01
29.50	8.49E-01	9.27E-01
29.51	9.02E-01	9.73E-01
29.52	9.49E-01	1.01E+00
29.53	9.90E-01	1.05E+00
29.54	1.02E+00	1.08E+00
29.55	1.05E+00	1.10E+00
29.56	1.07E+00	1.11E+00
29.57	1.09E+00	1.12E+00
29.58	1.09E+00	1.12E+00
29.59	1.09E+00	1.11E+00
29.60	1.08E+00	1.10E+00
29.61	1.07E+00	1.08E+00
29.62	1.05E+00	1.05E+00
29.63	1.02E+00	1.02E+00
29.64	9.83E-01	9.83E-01
29.65	9.42E-01	9.39E-01
29.66	8.95E-01	8.90E-01
29.67	8.43E-01	8.35E-01
29.68	7.85E-01	7.77E-01
29.69	7.23E-01	7.14E-01
29.70	6.57E-01	6.48E-01
29.71	5.88E-01	5.79E-01
29.72	5.15E-01	5.07E-01
29.73	4.39E-01	4.33E-01
29.74	3.61E-01	3.57E-01
29.75	2.82E-01	2.80E-01
29.76	2.01E-01	2.03E-01
29.77	1.21E-01	1.27E-01
29.78	4.27E-02	5.21E-02
29.79	-3.38E-02	-1.98E-02
29.80	-1.07E-01	-8.81E-02
29.81	-1.76E-01	-1.52E-01
29.82	-2.40E-01	-2.10E-01
29.83	-2.98E-01	-2.62E-01
29.84	-3.49E-01	-3.07E-01
29.85	-3.92E-01	-3.44E-01
29.86	-4.28E-01	-3.73E-01
29.87	-4.55E-01	-3.93E-01
29.88	-4.73E-01	-4.05E-01
29.89	-4.83E-01	-4.09E-01
29.90	-4.85E-01	-4.04E-01
29.91	-4.79E-01	-3.92E-01
29.92	-4.65E-01	-3.72E-01
29.93	-4.44E-01	-3.45E-01
29.94	-4.16E-01	-3.12E-01
29.95	-3.82E-01	-2.73E-01
29.96	-3.42E-01	-2.29E-01
29.97	-2.96E-01	-1.79E-01
29.98	-2.46E-01	-1.25E-01
29.99	-1.91E-01	-6.69E-02
30.00	-1.31E-01	-5.30E-03
30.01	-6.88E-02	5.92E-02
30.02	-3.16E-03	1.26E-01
30.03	6.51E-02	1.95E-01
30.04	1.35E-01	2.66E-01
30.05	2.07E-01	3.37E-01
30.06	2.79E-01	4.08E-01
30.07	3.51E-01	4.79E-01
30.08	4.22E-01	5.48E-01
30.09	4.92E-01	6.14E-01
30.10	5.58E-01	6.78E-01
30.11	6.21E-01	7.37E-01
30.12	6.80E-01	7.91E-01
30.13	7.33E-01	8.40E-01
30.14	7.80E-01	8.81E-01
30.15	8.20E-01	9.15E-01
30.16	8.51E-01	9.41E-01
30.17	8.74E-01	9.58E-01
30.18	8.88E-01	9.65E-01
30.19	8.93E-01	9.64E-01
30.20	8.89E-01	9.53E-01
30.21	8.75E-01	9.33E-01
30.22	8.54E-01	9.05E-01
30.23	8.24E-01	8.69E-01
30.24	7.87E-01	8.26E-01
30.25	7.44E-01	7.76E-01
30.26	6.95E-01	7.22E-01
30.27	6.43E-01	6.64E-01
30.28	5.87E-01	6.03E-01
30.29	5.29E-01	5.41E-01
30.30	4.71E-01	4.79E-01
30.31	4.12E-01	4.16E-01
30.32	3.55E-01	3.55E-01
30.33	2.98E-01	2.97E-01
30.34	2.44E-01	2.40E-01
30.35	1.92E-01	1.87E-01
30.36	1.44E-01	1.37E-01
30.37	9.82E-02	9.15E-02
30.38	5.66E-02	5.02E-02
30.39	1.90E-02	1.35E-02
30.40	-1.42E-02	-1.81E-02
30.41	-4.26E-02	-4.45E-02
30.42	-6.62E-02	-6.54E-02
30.43	-8.49E-02	-8.08E-02
30.44	-9.87E-02	-9.08E-02
30.45	-1.08E-01	-9.55E-02
30.46	-1.12E-01	-9.51E-02
30.47	-1.11E-01	-8.96E-02
30.48	-1.07E-01	-7.93E-02
30.49	-9.76E-02	-6.47E-02
30.50	-8.50E-02	-4.63E-02
30.51	-6.94E-02	-2.46E-02
30.52	-5.13E-02	-2.86E-04
30.53	-3.12E-02	2.59E-02
30.54	-9.83E-03	5.35E-02
30.55	1.23E-02	8.17E-02
30.56	3.46E-02	1.10E-01
30.57	5.65E-02	1.38E-01
30.58	7.76E-02	1.64E-01
30.59	9.77E-02	1.90E-01
30.60	1.17E-01	2.14E-01
30.61	1.35E-01	2.36E-01
30.62	1.52E-01	2.58E-01
30.63	1.68E-01	2.78E-01
30.64	1.83E-01	2.96E-01
30.65	1.98E-01	3.14E-01
30.66	2.13E-01	3.31E-01
30.67	2.27E-01	3.48E-01
30.68	2.41E-01	3.63E-01
30.69	2.55E-01	3.78E-01
30.70	2.70E-01	3.93E-01
30.71	2.84E-01	4.07E-01
30.72	2.99E-01	4.21E-01
30.73	3.14E-01	4.34E-01
30.74	3.28E-01	4.47E-01
30.75	3.42E-01	4.58E-01
30.76	3.55E-01	4.69E-01
30.77	3.68E-01	4.78E-01
30.78	3.80E-01	4.86E-01
30.79	3.90E-01	4.92E-01
30.80	3.99E-01	4.97E-01
30.81	4.07E-01	5.00E-01
30.82	4.14E-01	5.02E-01
30.83	4.20E-01	5.02E-01
30.84	4.25E-01	5.02E-01
30.85	4.30E-01	5.01E-01
30.86	4.34E-01	5.00E-01
30.87	4.39E-01	4.99E-01
30.88	4.43E-01	4.98E-01
30.89	4.48E-01	4.98E-01
30.90	4.54E-01	4.98E-01
30.91	4.60E-01	5.00E-01
30.92	4.67E-01	5.02E-01
30.93	4.75E-01	5.05E-01
30.94	4.83E-01	5.09E-01
30.95	4.91E-01	5.13E-01
30.96	4.99E-01	5.17E-01
30.97	5.07E-01	5.21E-01
30.98	5.14E-01	5.25E-01
30.99	5.19E-01	5.28E-01
31.00	5.24E-01	5.31E-01
31.01	5.27E-01	5.33E-01
31.02	5.30E-01	5.34E-01
31.03	5.31E-01	5.35E-01
31.04	5.31E-01	5.35E-01
31.05	5.31E-01	5.35E-01
31.06	5.30E-01	5.35E-01
31.07	5.29E-01	5.36E-01
31.08	5.27E-01	5.36E-01
31.09	5.25E-01	5.36E-01
31.10	5.22E-01	5.36E-01
31.11	5.19E-01	5.35E-01
31.12	5.14E-01	5.34E-01
31.13	5.08E-01	5.31E-01
31.14	5.00E-01	5.27E-01
31.15	4.89E-01	5.21E-01
31.16	4.75E-01	5.11E-01
31.17	4.58E-01	4.98E-01
31.18	4.37E-01	4.82E-01
31.19	4.12E-01	4.61E-01
31.20	3.83E-01	4.38E-01
31.21	3.52E-01	4.10E-01
31.22	3.17E-01	3.81E-01
31.23	2.80E-01	3.48E-01
31.24	2.42E-01	3.15E-01
31.25	2.04E-01	2.81E-01
31.26	1.66E-01	2.47E-01
31.27	1.29E-01	2.14E-01
31.28	9.35E-02	1.83E-01
31.29	6.05E-02	1.53E-01
31.30	3.02E-02	1.26E-01
31.31	3.00E-03	1.02E-01
31.32	-2.10E-02	8.09E-02
31.33	-4.17E-02	6.25E-02
31.34	-5.92E-02	4.68E-02
31.35	-7.39E-02	3.35E-02
31.36	-8.60E-02	2.24E-02
31.37	-9.59E-02	1.31E-02
31.38	-1.04E-01	5.29E-03
31.39	-1.10E-01	-1.14E-03
31.40	-1.14E-01	-6.29E-03
31.41	-1.17E-01	-1.01E-02
31.42	-1.18E-01	-1.23E-02
31.43	-1.17E-01	-1.27E-02
31.44	-1.13E-01	-1.07E-02
31.45	-1.06E-01	-6.03E-03
31.46	-9.53E-02	1.86E-03
31.47	-8.10E-02	1.34E-02
31.48	-6.25E-02	2.90E-02
31.49	-3.94E-02	4.89E-02
31.50	-1.15E-02	7.35E-02
31.51	2.14E-02	1.03E-01
31.52	5.90E-02	1.37E-01
31.53	1.01E-01	1.75E-01
31.54	1.48E-01	2.18E-01
31.55	1.98E-01	2.64E-01
31.56	2.51E-01	3.13E-01
31.57	3.05E-01	3.63E-01
31.58	3.61E-01	4.15E-01
31.59	4.16E-01	4.66E-01
31.60	4.70E-01	5.16E-01
31.61	5.22E-01	5.65E-01
31.62	5.71E-01	6.10E-01
31.63	6.17E-01	6.53E-01
31.64	6.59E-01	6.92E-01
31.65	6.97E-01	7.27E-01
31.66	7.30E-01	7.58E-01
31.67	7.59E-01	7.84E-01
31.68	7.82E-01	8.06E-01
31.69	8.01E-01	8.23E-01
31.70	8.14E-01	8.35E-01
31.71	8.22E-01	8.41E-01
31.72	8.24E-01	8.43E-01
31.73	8.21E-01	8.40E-01
31.74	8.13E-01	8.32E-01
31.75	8.00E-01	8.19E-01
31.76	7.82E-01	8.02E-01
31.77	7.59E-01	7.80E-01
31.78	7.32E-01	7.54E-01
31.79	7.00E-01	7.24E-01
31.80	6.65E-01	6.90E-01
31.81	6.26E-01	6.53E-01
31.82	5.84E-01	6.13E-01
31.83	5.39E-01	5.71E-01
31.84	4.93E-01	5.27E-01
31.85	4.45E-01	4.82E-01
31.86	3.96E-01	4.36E-01
31.87	3.47E-01	3.91E-01
31.88	2.99E-01	3.46E-01
31.89	2.51E-01	3.02E-01
31.90	2.05E-01	2.60E-01
31.91	1.61E-01	2.19E-01
31.92	1.19E-01	1.81E-01
31.93	8.02E-02	1.45E-01
31.94	4.40E-02	1.13E-01
31.95	1.12E-02	8.32E-02
31.96	-1.81E-02	5.71E-02
31.97	-4.36E-02	3.47E-02
31.98	-6.51E-02	1.61E-02
31.99	-8.24E-02	1.42E-03
32.00	-9.55E-02	-9.19E-03
32.01	-1.04E-01	-1.56E-02
32.02	-1.08E-01	-1.75E-02
32.03	-1.07E-01	-1.47E-02
32.04	-1.01E-01	-7.10E-03
32.05	-9.00E-02	5.58E-03
32.06	-7.35E-02	2.33E-02
32.07	-5.19E-02	4.57E-02
32.08	-2.55E-02	7.27E-02
32.09	5.29E-03	1.04E-01
32.10	3.98E-02	1.38E-01
32.11	7.74E-02	1.75E-01
32.12	1.17E-01	2.14E-01
32.13	1.59E-01	2.55E-01
32.14	2.01E-01	2.96E-01
32.15	2.44E-01	3.37E-01
32.16	2.86E-01	3.77E-01
32.17	3.27E-01	4.16E-01
32.18	3.67E-01	4.53E-01
32.19	4.05E-01	4.88E-01
32.20	4.40E-01	5.20E-01
32.21	4.71E-01	5.49E-01
32.22	5.00E-01	5.75E-01
32.23	5.26E-01	5.97E-01
32.24	5.49E-01	6.17E-01
32.25	5.69E-01	6.33E-01
32.26	5.87E-01	6.48E-01
32.27	6.02E-01	6.60E-01
32.28	6.15E-01	6.69E-01
32.29	6.26E-01	6.77E-01
32.30	6.35E-01	6.83E-01
32.31	6.42E-01	6.87E-01
32.32	6.48E-01	6.90E-01
32.33	6.52E-01	6.91E-01
32.34	6.54E-01	6.91E-01
32.35	6.54E-01	6.88E-01
32.36	6.52E-01	6.84E-01
32.37	6.47E-01	6.77E-01
32.38	6.40E-01	6.68E-01
32.39	6.29E-01	6.55E-01
32.40	6.15E-01	6.40E-01
32.41	5.98E-01	6.22E-01
32.42	5.78E-01	6.01E-01
32.43	5.54E-01	5.77E-01
32.44	5.27E-01	5.50E-01
32.45	4.98E-01	5.21E-01
32.46	4.65E-01	4.90E-01
32.47	4.31E-01	4.56E-01
32.48	3.95E-01	4.22E-01
32.49	3.58E-01	3.86E-01
32.50	3.21E-01	3.51E-01
32.51	2.83E-01	3.15E-01
32.52	2.46E-01	2.80E-01
32.53	2.09E-01	2.46E-01
32.54	1.73E-01	2.13E-01
32.55	1.39E-01	1.82E-01
32.56	1.07E-01	1.52E-01
32.57	7.62E-02	1.25E-01
32.58	4.79E-02	9.96E-02
32.59	2.19E-02	7.68E-02
32.60	-1.61E-03	5.65E-02
32.61	-2.26E-02	3.88E-02
32.62	-4.11E-02	2.36E-02
32.63	-5.68E-02	1.12E-02
32.64	-6.98E-02	1.40E-03
32.65	-7.99E-02	-5.56E-03
32.66	-8.71E-02	-9.65E-03
32.67	-9.12E-02	-1.08E-02
32.68	-9.21E-02	-8.94E-03
32.69	-8.97E-02	-3.99E-03
32.70	-8.40E-02	4.14E-03
32.71	-7.47E-02	1.55E-02
32.72	-6.20E-02	3.01E-02
32.73	-4.57E-02	4.80E-02
32.74	-2.59E-02	6.91E-02
32.75	-2.69E-03	9.33E-02
32.76	2.38E-02	1.20E-01
32.77	5.35E-02	1.50E-01
32.78	8.59E-02	1.83E-01
32.79	1.21E-01	2.17E-01
32.80	1.58E-01	2.54E-01
32.81	1.96E-01	2.91E-01
32.82	2.35E-01	3.29E-01
32.83	2.75E-01	3.68E-01
32.84	3.15E-01	4.06E-01
32.85	3.54E-01	4.43E-01
32.86	3.92E-01	4.79E-01
32.87	4.28E-01	5.13E-01
32.88	4.62E-01	5.44E-01
32.89	4.93E-01	5.73E-01
32.90	5.22E-01	5.98E-01
32.91	5.47E-01	6.20E-01
32.92	5.68E-01	6.39E-01
32.93	5.87E-01	6.54E-01
32.94	6.02E-01	6.66E-01
32.95	6.14E-01	6.74E-01
32.96	6.23E-01	6.80E-01
32.97	6.29E-01	6.82E-01
32.98	6.31E-01	6.82E-01
32.99	6.31E-01	6.79E-01
33.00	6.29E-01	6.73E-01
33.01	6.24E-01	6.65E-01
33.02	6.17E-01	6.55E-01
33.03	6.08E-01	6.43E-01
33.04	5.96E-01	6.30E-01
33.05	5.82E-01	6.14E-01
33.06	5.67E-01	5.96E-01
33.07	5.49E-01	5.77E-01
33.08	5.29E-01	5.56E-01
33.09	5.07E-01	5.33E-01
33.10	4.83E-01	5.08E-01
33.11	4.57E-01	4.81E-01
33.12	4.29E-01	4.53E-01
33.13	3.99E-01	4.24E-01
33.14	3.69E-01	3.94E-01
33.15	3.37E-01	3.63E-01
33.16	3.05E-01	3.32E-01
33.17	2.73E-01	3.02E-01
33.18	2.41E-01	2.71E-01
33.19	2.09E-01	2.41E-01
33.20	1.79E-01	2.13E-01
33.21	1.49E-01	1.86E-01
33.22	1.21E-01	1.60E-01
33.23	9.48E-02	1.37E-01
33.24	7.05E-02	1.16E-01
33.25	4.83E-02	9.64E-02
33.26	2.83E-02	7.96E-02
33.27	1.06E-02	6.51E-02
33.28	-4.70E-03	5.31E-02
33.29	-1.76E-02	4.35E-02
33.30	-2.79E-02	3.64E-02
33.31	-3.57E-02	3.19E-02
33.32	-4.09E-02	2.99E-02
33.33	-4.32E-02	3.06E-02
33.34	-4.27E-02	3.41E-02
33.35	-3.92E-02	4.03E-02
33.36	-3.28E-02	4.95E-02
33.37	-2.33E-02	6.14E-02
33.38	-1.08E-02	7.61E-02
33.39	4.49E-03	9.35E-02
33.40	2.25E-02	1.13E-01
33.41	4.30E-02	1.35E-01
33.42	6.56E-02	1.59E-01
33.43	8.99E-02	1.85E-01
33.44	1.16E-01	2.11E-01
33.45	1.42E-01	2.38E-01
33.46	1.70E-01	2.65E-01
33.47	1.97E-01	2.93E-01
33.48	2.24E-01	3.20E-01
33.49	2.51E-01	3.45E-01
33.50	2.77E-01	3.70E-01
33.51	3.01E-01	3.93E-01
33.52	3.24E-01	4.14E-01
33.53	3.45E-01	4.33E-01
33.54	3.63E-01	4.49E-01
33.55	3.79E-01	4.63E-01
33.56	3.93E-01	4.74E-01
33.57	4.06E-01	4.84E-01
33.58	4.16E-01	4.91E-01
33.59	4.24E-01	4.97E-01
33.60	4.31E-01	5.01E-01
33.61	4.37E-01	5.03E-01
33.62	4.40E-01	5.04E-01
33.63	4.42E-01	5.03E-01
33.64	4.43E-01	5.00E-01
33.65	4.43E-01	4.97E-01
33.66	4.41E-01	4.92E-01
33.67	4.38E-01	4.86E-01
33.68	4.34E-01	4.80E-01
33.69	4.29E-01	4.72E-01
33.70	4.23E-01	4.63E-01
33.71	4.16E-01	4.54E-01
33.72	4.08E-01	4.44E-01
33.73	4.00E-01	4.33E-01
33.74	3.91E-01	4.23E-01
33.75	3.81E-01	4.12E-01
33.76	3.71E-01	4.01E-01
33.77	3.61E-01	3.90E-01
33.78	3.50E-01	3.79E-01
33.79	3.39E-01	3.67E-01
33.80	3.28E-01	3.56E-01
33.81	3.17E-01	3.45E-01
33.82	3.05E-01	3.34E-01
33.83	2.93E-01	3.23E-01
33.84	2.80E-01	3.12E-01
33.85	2.68E-01	3.00E-01
33.86	2.55E-01	2.89E-01
33.87	2.42E-01	2.78E-01
33.88	2.29E-01	2.67E-01
33.89	2.15E-01	2.56E-01
33.90	2.02E-01	2.45E-01
33.91	1.88E-01	2.33E-01
33.92	1.75E-01	2.23E-01
33.93	1.61E-01	2.12E-01
33.94	1.48E-01	2.02E-01
33.95	1.36E-01	1.92E-01
33.96	1.24E-01	1.83E-01
33.97	1.13E-01	1.74E-01
33.98	1.02E-01	1.67E-01
33.99	9.32E-02	1.61E-01
34.00	8.53E-02	1.56E-01
34.01	7.87E-02	1.52E-01
34.02	7.33E-02	1.49E-01
34.03	6.91E-02	1.47E-01
34.04	6.59E-02	1.46E-01
34.05	6.38E-02	1.46E-01
34.06	6.26E-02	1.47E-01
34.07	6.22E-02	1.48E-01
34.08	6.25E-02	1.50E-01
34.09	6.37E-02	1.52E-01
34.10	6.56E-02	1.55E-01
34.11	6.83E-02	1.59E-01
34.12	7.17E-02	1.63E-01
34.13	7.58E-02	1.67E-01
34.14	8.08E-02	1.72E-01
34.15	8.64E-02	1.77E-01
34.16	9.29E-02	1.83E-01
34.17	1.00E-01	1.90E-01
34.18	1.09E-01	1.97E-01
34.19	1.18E-01	2.05E-01
34.20	1.28E-01	2.14E-01
34.21	1.39E-01	2.23E-01
34.22	1.50E-01	2.33E-01
34.23	1.63E-01	2.44E-01
34.24	1.77E-01	2.56E-01
34.25	1.93E-01	2.69E-01
34.26	2.09E-01	2.83E-01
34.27	2.26E-01	2.97E-01
34.28	2.44E-01	3.13E-01
34.29	2.63E-01	3.30E-01
34.30	2.84E-01	3.47E-01
34.31	3.05E-01	3.66E-01
34.32	3.27E-01	3.86E-01
34.33	3.50E-01	4.06E-01
34.34	3.73E-01	4.27E-01
34.35	3.96E-01	4.47E-01
34.36	4.19E-01	4.68E-01
34.37	4.42E-01	4.89E-01
34.38	4.64E-01	5.08E-01
34.39	4.84E-01	5.27E-01
34.40	5.03E-01	5.44E-01
34.41	5.20E-01	5.60E-01
34.42	5.35E-01	5.73E-01
34.43	5.47E-01	5.83E-01
34.44	5.55E-01	5.91E-01
34.45	5.60E-01	5.95E-01
34.46	5.62E-01	5.96E-01
34.47	5.60E-01	5.94E-01
34.48	5.54E-01	5.88E-01
34.49	5.45E-01	5.78E-01
34.50	5.32E-01	5.66E-01
34.51	5.16E-01	5.50E-01
34.52	4.96E-01	5.31E-01
34.53	4.74E-01	5.09E-01
34.54	4.48E-01	4.84E-01
34.55	4.19E-01	4.57E-01
34.56	3.88E-01	4.27E-01
34.57	3.54E-01	3.95E-01
34.58	3.19E-01	3.62E-01
34.59	2.82E-01	3.27E-01
34.60	2.44E-01	2.91E-01
34.61	2.05E-01	2.54E-01
34.62	1.66E-01	2.17E-01
34.63	1.27E-01	1.81E-01
34.64	8.94E-02	1.45E-01
34.65	5.27E-02	1.11E-01
34.66	1.77E-02	7.83E-02
34.67	-1.50E-02	4.80E-02
34.68	-4.47E-02	2.06E-02
34.69	-7.10E-02	-3.35E-03
34.70	-9.35E-02	-2.35E-02
34.71	-1.12E-01	-3.94E-02
34.72	-1.25E-01	-5.09E-02
34.73	-1.34E-01	-5.75E-02
34.74	-1.38E-01	-5.92E-02
34.75	-1.36E-01	-5.58E-02
34.76	-1.29E-01	-4.73E-02
34.77	-1.17E-01	-3.37E-02
34.78	-9.98E-02	-1.51E-02
34.79	-7.75E-02	8.30E-03
34.80	-5.06E-02	3.61E-02
34.81	-1.93E-02	6.80E-02
34.82	1.58E-02	1.04E-01
34.83	5.43E-02	1.42E-01
34.84	9.57E-02	1.84E-01
34.85	1.39E-01	2.27E-01
34.86	1.85E-01	2.72E-01
34.87	2.32E-01	3.18E-01
34.88	2.79E-01	3.65E-01
34.89	3.26E-01	4.11E-01
34.90	3.73E-01	4.56E-01
34.91	4.18E-01	5.00E-01
34.92	4.61E-01	5.41E-01
34.93	5.01E-01	5.80E-01
34.94	5.38E-01	6.14E-01
34.95	5.71E-01	6.45E-01
34.96	5.99E-01	6.71E-01
34.97	6.23E-01	6.92E-01
34.98	6.41E-01	7.08E-01
34.99	6.54E-01	7.18E-01
35.00	6.61E-01	7.23E-01
35.01	6.63E-01	7.22E-01
35.02	6.60E-01	7.16E-01
35.03	6.51E-01	7.05E-01
35.04	6.38E-01	6.89E-01
35.05	6.20E-01	6.68E-01
35.06	5.98E-01	6.44E-01
35.07	5.72E-01	6.16E-01
35.08	5.43E-01	5.86E-01
35.09	5.12E-01	5.53E-01
35.10	4.80E-01	5.18E-01
35.11	4.45E-01	4.82E-01
35.12	4.10E-01	4.46E-01
35.13	3.75E-01	4.09E-01
35.14	3.40E-01	3.73E-01
35.15	3.05E-01	3.38E-01
35.16	2.71E-01	3.03E-01
35.17	2.38E-01	2.70E-01
35.18	2.06E-01	2.39E-01
35.19	1.76E-01	2.09E-01
35.20	1.48E-01	1.82E-01
35.21	1.22E-01	1.56E-01
35.22	9.77E-02	1.33E-01
35.23	7.61E-02	1.13E-01
35.24	5.72E-02	9.54E-02
35.25	4.10E-02	8.10E-02
35.26	2.79E-02	6.98E-02
35.27	1.78E-02	6.17E-02
35.28	1.08E-02	5.70E-02
35.29	6.92E-03	5.55E-02
35.30	6.17E-03	5.73E-02
35.31	8.44E-03	6.22E-02
35.32	1.36E-02	7.00E-02
35.33	2.13E-02	8.04E-02
35.34	3.15E-02	9.33E-02
35.35	4.36E-02	1.08E-01
35.36	5.75E-02	1.25E-01
35.37	7.26E-02	1.42E-01
35.38	8.87E-02	1.61E-01
35.39	1.05E-01	1.80E-01
35.40	1.22E-01	1.99E-01
35.41	1.38E-01	2.17E-01
35.42	1.54E-01	2.35E-01
35.43	1.70E-01	2.52E-01
35.44	1.84E-01	2.68E-01
35.45	1.98E-01	2.84E-01
35.46	2.12E-01	2.98E-01
35.47	2.25E-01	3.12E-01
35.48	2.37E-01	3.25E-01
35.49	2.49E-01	3.38E-01
35.50	2.61E-01	3.50E-01
35.51	2.73E-01	3.61E-01
35.52	2.85E-01	3.73E-01
35.53	2.96E-01	3.84E-01
35.54	3.08E-01	3.94E-01
35.55	3.19E-01	4.04E-01
35.56	3.29E-01	4.14E-01
35.57	3.40E-01	4.23E-01
35.58	3.49E-01	4.31E-01
35.59	3.58E-01	4.37E-01
35.60	3.65E-01	4.43E-01
35.61	3.71E-01	4.47E-01
35.62	3.76E-01	4.49E-01
35.63	3.80E-01	4.51E-01
35.64	3.82E-01	4.50E-01
35.65	3.83E-01	4.48E-01
35.66	3.82E-01	4.45E-01
35.67	3.80E-01	4.41E-01
35.68	3.77E-01	4.35E-01
35.69	3.73E-01	4.29E-01
35.70	3.68E-01	4.21E-01
35.71	3.63E-01	4.14E-01
35.72	3.57E-01	4.06E-01
35.73	3.51E-01	3.97E-01
35.74	3.44E-01	3.89E-01
35.75	3.38E-01	3.82E-01
35.76	3.33E-01	3.74E-01
35.77	3.27E-01	3.68E-01
35.78	3.23E-01	3.61E-01
35.79	3.18E-01	3.56E-01
35.80	3.14E-01	3.50E-01
35.81	3.09E-01	3.45E-01
35.82	3.05E-01	3.41E-01
35.83	3.00E-01	3.36E-01
35.84	2.96E-01	3.31E-01
35.85	2.91E-01	3.26E-01
35.86	2.85E-01	3.21E-01
35.87	2.79E-01	3.16E-01
35.88	2.73E-01	3.10E-01
35.89	2.65E-01	3.04E-01
35.90	2.58E-01	2.97E-01
35.91	2.49E-01	2.91E-01
35.92	2.41E-01	2.83E-01
35.93	2.31E-01	2.76E-01
35.94	2.22E-01	2.69E-01
35.95	2.13E-01	2.61E-01
35.96	2.03E-01	2.54E-01
35.97	1.94E-01	2.47E-01
35.98	1.85E-01	2.40E-01
35.99	1.76E-01	2.34E-01
36.00	1.69E-01	2.28E-01
36.01	1.62E-01	2.23E-01
36.02	1.56E-01	2.20E-01
36.03	1.51E-01	2.17E-01
36.04	1.48E-01	2.16E-01
36.05	1.46E-01	2.16E-01
36.06	1.45E-01	2.17E-01
36.07	1.46E-01	2.20E-01
36.08	1.48E-01	2.24E-01
36.09	1.52E-01	2.29E-01
36.10	1.57E-01	2.36E-01
36.11	1.64E-01	2.44E-01
36.12	1.71E-01	2.53E-01
36.13	1.80E-01	2.62E-01
36.14	1.90E-01	2.73E-01
36.15	2.01E-01	2.84E-01
36.16	2.12E-01	2.96E-01
36.17	2.25E-01	3.09E-01
36.18	2.38E-01	3.22E-01
36.19	2.52E-01	3.36E-01
36.20	2.66E-01	3.50E-01
36.21	2.81E-01	3.64E-01
36.22	2.97E-01	3.78E-01
36.23	3.12E-01	3.93E-01
36.24	3.28E-01	4.08E-01
36.25	3.44E-01	4.22E-01
36.26	3.60E-01	4.36E-01
36.27	3.75E-01	4.50E-01
36.28	3.90E-01	4.63E-01
36.29	4.04E-01	4.75E-01
36.30	4.18E-01	4.87E-01
36.31	4.31E-01	4.98E-01
36.32	4.43E-01	5.08E-01
36.33	4.54E-01	5.17E-01
36.34	4.64E-01	5.25E-01
36.35	4.73E-01	5.31E-01
36.36	4.80E-01	5.37E-01
36.37	4.87E-01	5.41E-01
36.38	4.92E-01	5.44E-01
36.39	4.95E-01	5.46E-01
36.40	4.98E-01	5.46E-01
36.41	4.98E-01	5.45E-01
36.42	4.98E-01	5.43E-01
36.43	4.96E-01	5.39E-01
36.44	4.92E-01	5.35E-01
36.45	4.88E-01	5.29E-01
36.46	4.82E-01	5.22E-01
36.47	4.75E-01	5.14E-01
36.48	4.67E-01	5.05E-01
36.49	4.58E-01	4.96E-01
36.50	4.48E-01	4.86E-01
36.51	4.38E-01	4.75E-01
36.52	4.27E-01	4.65E-01
36.53	4.16E-01	4.54E-01
36.54	4.04E-01	4.42E-01
36.55	3.92E-01	4.31E-01
36.56	3.79E-01	4.19E-01
36.57	3.67E-01	4.07E-01
36.58	3.54E-01	3.95E-01
36.59	3.40E-01	3.83E-01
36.60	3.26E-01	3.71E-01
36.61	3.12E-01	3.58E-01
36.62	2.98E-01	3.45E-01
36.63	2.83E-01	3.32E-01
36.64	2.68E-01	3.19E-01
36.65	2.52E-01	3.05E-01
36.66	2.36E-01	2.91E-01
36.67	2.20E-01	2.77E-01
36.68	2.04E-01	2.63E-01
36.69	1.87E-01	2.48E-01
36.70	1.70E-01	2.33E-01
36.71	1.54E-01	2.18E-01
36.72	1.37E-01	2.04E-01
36.73	1.20E-01	1.89E-01
36.74	1.03E-01	1.74E-01
36.75	8.71E-02	1.59E-01
36.76	7.09E-02	1.45E-01
36.77	5.51E-02	1.30E-01
36.78	3.96E-02	1.16E-01
36.79	2.45E-02	1.02E-01
36.80	9.77E-03	8.88E-02
36.81	-4.43E-03	7.55E-02
36.82	-1.81E-02	6.26E-02
36.83	-3.12E-02	5.02E-02
36.84	-4.36E-02	3.83E-02
36.85	-5.51E-02	2.70E-02
36.86	-6.58E-02	1.65E-02
36.87	-7.53E-02	6.96E-03
36.88	-8.37E-02	-1.55E-03
36.89	-9.07E-02	-8.85E-03
36.90	-9.62E-02	-1.48E-02
36.91	-1.00E-01	-1.93E-02
36.92	-1.02E-01	-2.22E-02
36.93	-1.03E-01	-2.34E-02
36.94	-1.01E-01	-2.26E-02
36.95	-9.69E-02	-1.98E-02
36.96	-9.07E-02	-1.49E-02
36.97	-8.23E-02	-7.75E-03
36.98	-7.16E-02	1.54E-03
36.99	-5.88E-02	1.29E-02
37.00	-4.38E-02	2.64E-02
37.01	-2.70E-02	4.17E-02
37.02	-8.28E-03	5.88E-02
37.03	1.21E-02	7.75E-02
37.04	3.39E-02	9.78E-02
37.05	5.71E-02	1.19E-01
37.06	8.14E-02	1.42E-01
37.07	1.07E-01	1.66E-01
37.08	1.33E-01	1.90E-01
37.09	1.59E-01	2.15E-01
37.10	1.86E-01	2.41E-01
37.11	2.13E-01	2.67E-01
37.12	2.40E-01	2.93E-01
37.13	2.67E-01	3.18E-01
37.14	2.94E-01	3.44E-01
37.15	3.21E-01	3.70E-01
37.16	3.47E-01	3.95E-01
37.17	3.72E-01	4.20E-01
37.18	3.97E-01	4.44E-01
37.19	4.20E-01	4.67E-01
37.20	4.43E-01	4.89E-01
37.21	4.64E-01	5.10E-01
37.22	4.84E-01	5.30E-01
37.23	5.02E-01	5.48E-01
37.24	5.19E-01	5.64E-01
37.25	5.34E-01	5.79E-01
37.26	5.46E-01	5.92E-01
37.27	5.56E-01	6.03E-01
37.28	5.65E-01	6.11E-01
37.29	5.70E-01	6.18E-01
37.30	5.73E-01	6.22E-01
37.31	5.74E-01	6.23E-01
37.32	5.72E-01	6.22E-01
37.33	5.68E-01	6.19E-01
37.34	5.62E-01	6.14E-01
37.35	5.54E-01	6.06E-01
37.36	5.43E-01	5.97E-01
37.37	5.31E-01	5.86E-01
37.38	5.18E-01	5.73E-01
37.39	5.03E-01	5.60E-01
37.40	4.88E-01	5.45E-01
37.41	4.71E-01	5.30E-01
37.42	4.54E-01	5.14E-01
37.43	4.37E-01	4.98E-01
37.44	4.20E-01	4.82E-01
37.45	4.03E-01	4.66E-01
37.46	3.87E-01	4.51E-01
37.47	3.71E-01	4.35E-01
37.48	3.55E-01	4.21E-01
37.49	3.40E-01	4.07E-01
37.50	3.26E-01	3.94E-01
37.51	3.13E-01	3.81E-01
37.52	3.01E-01	3.69E-01
37.53	2.89E-01	3.58E-01
37.54	2.79E-01	3.48E-01
37.55	2.69E-01	3.39E-01
37.56	2.60E-01	3.30E-01
37.57	2.52E-01	3.22E-01
37.58	2.44E-01	3.14E-01
37.59	2.37E-01	3.07E-01
37.60	2.30E-01	3.00E-01
37.61	2.24E-01	2.94E-01
37.62	2.19E-01	2.88E-01
37.63	2.14E-01	2.83E-01
37.64	2.10E-01	2.79E-01
37.65	2.06E-01	2.75E-01
37.66	2.04E-01	2.72E-01
37.67	2.02E-01	2.69E-01
37.68	2.01E-01	2.68E-01
37.69	2.01E-01	2.67E-01
37.70	2.02E-01	2.68E-01
37.71	2.04E-01	2.69E-01
37.72	2.08E-01	2.72E-01
37.73	2.12E-01	2.76E-01
37.74	2.18E-01	2.81E-01
37.75	2.26E-01	2.88E-01
37.76	2.34E-01	2.96E-01
37.77	2.44E-01	3.05E-01
37.78	2.55E-01	3.15E-01
37.79	2.68E-01	3.27E-01
37.80	2.81E-01	3.39E-01
37.81	2.95E-01	3.52E-01
37.82	3.10E-01	3.66E-01
37.83	3.25E-01	3.81E-01
37.84	3.40E-01	3.96E-01
37.85	3.56E-01	4.11E-01
37.86	3.71E-01	4.26E-01
37.87	3.87E-01	4.41E-01
37.88	4.02E-01	4.56E-01
37.89	4.16E-01	4.70E-01
37.90	4.31E-01	4.84E-01
37.91	4.44E-01	4.97E-01
37.92	4.57E-01	5.09E-01
37.93	4.68E-01	5.21E-01
37.94	4.79E-01	5.31E-01
37.95	4.88E-01	5.41E-01
37.96	4.96E-01	5.49E-01
37.97	5.03E-01	5.55E-01
37.98	5.07E-01	5.60E-01
37.99	5.11E-01	5.63E-01
38.00	5.12E-01	5.65E-01
38.01	5.11E-01	5.64E-01
38.02	5.08E-01	5.61E-01
38.03	5.03E-01	5.57E-01
38.04	4.95E-01	5.50E-01
38.05	4.86E-01	5.41E-01
38.06	4.75E-01	5.30E-01
38.07	4.61E-01	5.17E-01
38.08	4.46E-01	5.03E-01
38.09	4.30E-01	4.87E-01
38.10	4.13E-01	4.70E-01
38.11	3.94E-01	4.52E-01
38.12	3.75E-01	4.34E-01
38.13	3.56E-01	4.15E-01
38.14	3.37E-01	3.97E-01
38.15	3.19E-01	3.79E-01
38.16	3.01E-01	3.62E-01
38.17	2.84E-01	3.46E-01
38.18	2.69E-01	3.31E-01
38.19	2.54E-01	3.17E-01
38.20	2.41E-01	3.04E-01
38.21	2.29E-01	2.92E-01
38.22	2.17E-01	2.81E-01
38.23	2.07E-01	2.71E-01
38.24	1.97E-01	2.62E-01
38.25	1.88E-01	2.54E-01
38.26	1.80E-01	2.45E-01
38.27	1.72E-01	2.37E-01
38.28	1.64E-01	2.30E-01
38.29	1.56E-01	2.22E-01
38.30	1.48E-01	2.15E-01
38.31	1.41E-01	2.08E-01
38.32	1.35E-01	2.01E-01
38.33	1.29E-01	1.96E-01
38.34	1.25E-01	1.91E-01
38.35	1.21E-01	1.88E-01
38.36	1.19E-01	1.86E-01
38.37	1.19E-01	1.85E-01
38.38	1.20E-01	1.86E-01
38.39	1.23E-01	1.89E-01
38.40	1.28E-01	1.94E-01
38.41	1.34E-01	2.00E-01
38.42	1.43E-01	2.09E-01
38.43	1.53E-01	2.18E-01
38.44	1.64E-01	2.29E-01
38.45	1.77E-01	2.42E-01
38.46	1.91E-01	2.55E-01
38.47	2.06E-01	2.70E-01
38.48	2.21E-01	2.85E-01
38.49	2.38E-01	3.01E-01
38.50	2.54E-01	3.17E-01
38.51	2.72E-01	3.34E-01
38.52	2.89E-01	3.51E-01
38.53	3.08E-01	3.69E-01
38.54	3.26E-01	3.87E-01
38.55	3.45E-01	4.05E-01
38.56	3.64E-01	4.24E-01
38.57	3.83E-01	4.42E-01
38.58	4.02E-01	4.61E-01
38.59	4.22E-01	4.80E-01
38.60	4.41E-01	4.99E-01
38.61	4.60E-01	5.17E-01
38.62	4.78E-01	5.35E-01
38.63	4.95E-01	5.52E-01
38.64	5.12E-01	5.68E-01
38.65	5.27E-01	5.83E-01
38.66	5.40E-01	5.95E-01
38.67	5.50E-01	6.06E-01
38.68	5.59E-01	6.13E-01
38.69	5.64E-01	6.18E-01
38.70	5.66E-01	6.20E-01
38.71	5.65E-01	6.19E-01
38.72	5.61E-01	6.15E-01
38.73	5.54E-01	6.07E-01
38.74	5.43E-01	5.96E-01
38.75	5.29E-01	5.83E-01
38.76	5.12E-01	5.66E-01
38.77	4.92E-01	5.46E-01
38.78	4.70E-01	5.23E-01
38.79	4.44E-01	4.98E-01
38.80	4.16E-01	4.70E-01
38.81	3.86E-01	4.41E-01
38.82	3.55E-01	4.09E-01
38.83	3.21E-01	3.76E-01
38.84	2.87E-01	3.42E-01
38.85	2.51E-01	3.07E-01
38.86	2.15E-01	2.71E-01
38.87	1.79E-01	2.35E-01
38.88	1.42E-01	1.99E-01
38.89	1.06E-01	1.63E-01
38.90	7.05E-02	1.29E-01
38.91	3.62E-02	9.48E-02
38.92	3.26E-03	6.26E-02
38.93	-2.78E-02	3.22E-02
38.94	-5.68E-02	3.96E-03
38.95	-8.34E-02	-2.18E-02
38.96	-1.07E-01	-4.50E-02
38.97	-1.28E-01	-6.52E-02
38.98	-1.46E-01	-8.24E-02
38.99	-1.61E-01	-9.65E-02
39.00	-1.73E-01	-1.07E-01
39.01	-1.81E-01	-1.14E-01
39.02	-1.86E-01	-1.18E-01
39.03	-1.86E-01	-1.18E-01
39.04	-1.84E-01	-1.15E-01
39.05	-1.77E-01	-1.08E-01
39.06	-1.67E-01	-9.72E-02
39.07	-1.53E-01	-8.30E-02
39.08	-1.36E-01	-6.54E-02
39.09	-1.16E-01	-4.45E-02
39.10	-9.23E-02	-2.06E-02
39.11	-6.57E-02	6.33E-03
39.12	-3.64E-02	3.59E-02
39.13	-4.51E-03	6.80E-02
39.14	2.96E-02	1.02E-01
39.15	6.56E-02	1.38E-01
39.16	1.03E-01	1.76E-01
39.17	1.42E-01	2.15E-01
39.18	1.82E-01	2.54E-01
39.19	2.22E-01	2.94E-01
39.20	2.62E-01	3.34E-01
39.21	3.03E-01	3.73E-01
39.22	3.42E-01	4.12E-01
39.23	3.81E-01	4.51E-01
39.24	4.19E-01	4.88E-01
39.25	4.56E-01	5.23E-01
39.26	4.90E-01	5.57E-01
39.27	5.23E-01	5.89E-01
39.28	5.54E-01	6.19E-01
39.29	5.82E-01	6.46E-01
39.30	6.08E-01	6.70E-01
39.31	6.31E-01	6.92E-01
39.32	6.50E-01	7.10E-01
39.33	6.66E-01	7.25E-01
39.34	6.79E-01	7.37E-01
39.35	6.88E-01	7.45E-01
39.36	6.94E-01	7.49E-01
39.37	6.95E-01	7.49E-01
39.38	6.93E-01	7.46E-01
39.39	6.87E-01	7.38E-01
39.40	6.77E-01	7.27E-01
39.41	6.63E-01	7.13E-01
39.42	6.47E-01	6.95E-01
39.43	6.27E-01	6.74E-01
39.44	6.04E-01	6.50E-01
39.45	5.78E-01	6.24E-01
39.46	5.51E-01	5.96E-01
39.47	5.21E-01	5.66E-01
39.48	4.91E-01	5.35E-01
39.49	4.59E-01	5.03E-01
39.50	4.26E-01	4.71E-01
39.51	3.93E-01	4.38E-01
39.52	3.60E-01	4.05E-01
39.53	3.28E-01	3.73E-01
39.54	2.95E-01	3.41E-01
39.55	2.64E-01	3.10E-01
39.56	2.34E-01	2.81E-01
39.57	2.04E-01	2.52E-01
39.58	1.77E-01	2.26E-01
39.59	1.51E-01	2.01E-01
39.60	1.28E-01	1.79E-01
39.61	1.06E-01	1.59E-01
39.62	8.79E-02	1.41E-01
39.63	7.19E-02	1.27E-01
39.64	5.87E-02	1.15E-01
39.65	4.82E-02	1.06E-01
39.66	4.06E-02	9.99E-02
39.67	3.59E-02	9.67E-02
39.68	3.39E-02	9.62E-02
39.69	3.46E-02	9.85E-02
39.70	3.78E-02	1.03E-01
39.71	4.33E-02	1.10E-01
39.72	5.08E-02	1.19E-01
39.73	6.01E-02	1.30E-01
39.74	7.08E-02	1.42E-01
39.75	8.26E-02	1.55E-01
39.76	9.53E-02	1.69E-01
39.77	1.09E-01	1.83E-01
39.78	1.22E-01	1.98E-01
39.79	1.37E-01	2.13E-01
39.80	1.51E-01	2.27E-01
39.81	1.65E-01	2.42E-01
39.82	1.80E-01	2.57E-01
39.83	1.95E-01	2.72E-01
39.84	2.09E-01	2.87E-01
39.85	2.24E-01	3.02E-01
39.86	2.39E-01	3.16E-01
39.87	2.54E-01	3.31E-01
39.88	2.69E-01	3.45E-01
39.89	2.84E-01	3.60E-01
39.90	3.00E-01	3.75E-01
39.91	3.15E-01	3.89E-01
39.92	3.30E-01	4.04E-01
39.93	3.46E-01	4.18E-01
39.94	3.60E-01	4.31E-01
39.95	3.75E-01	4.44E-01
39.96	3.88E-01	4.56E-01
39.97	4.01E-01	4.68E-01
39.98	4.12E-01	4.78E-01
39.99	4.23E-01	4.86E-01
40.00	4.32E-01	4.94E-01