-4.000E-02	0.000E+00	-9.907E-01	2.220E-16	-2.326E+00	0.000E+00	-2.822E+00	0.000E+00
-4.000E-02	1.000E-06	-9.884E-01	2.111E-02	-2.322E+00	2.754E-02	-2.817E+00	3.468E-02
-4.000E-02	2.000E-06	-9.861E-01	4.223E-02	-2.318E+00	5.508E-02	-2.812E+00	6.935E-02
-4.000E-02	3.000E-06	-9.838E-01	6.334E-02	-2.314E+00	8.262E-02	-2.807E+00	1.040E-01
-4.000E-02	4.000E-06	-9.815E-01	8.446E-02	-2.310E+00	1.102E-01	-2.802E+00	1.387E-01
-4.000E-02	5.000E-06	-9.792E-01	1.056E-01	-2.306E+00	1.377E-01	-2.797E+00	1.734E-01
-4.000E-02	6.000E-06	-9.769E-01	1.267E-01	-2.302E+00	1.652E-01	-2.792E+00	2.081E-01
-4.000E-02	7.000E-06	-9.746E-01	1.478E-01	-2.297E+00	1.928E-01	-2.786E+00	2.427E-01
-4.000E-02	8.000E-06	-9.723E-01	1.689E-01	-2.293E+00	2.203E-01	-2.781E+00	2.774E-01
-4.000E-02	9.000E-06	-9.700E-01	1.900E-01	-2.289E+00	2.479E-01	-2.776E+00	3.121E-01
-4.000E-02	1.000E-05	-9.677E-01	2.111E-01	-2.285E+00	2.754E-01	-2.771E+00	3.468E-01
-4.000E-02	2.000E-05	-9.448E-01	4.223E-01	-2.243E+00	5.508E-01	-2.720E+00	6.935E-01
-4.000E-02	3.000E-05	-9.218E-01	6.334E-01	-2.202E+00	8.262E-01	-2.668E+00	1.040E+00
-4.000E-02	4.000E-05	-8.989E-01	8.446E-01	-2.160E+00	1.102E+00	-2.617E+00	1.387E+00
-4.000E-02	5.000E-05	-8.759E-01	1.056E+00	-2.119E+00	1.377E+00	-2.566E+00	1.734E+00
-4.000E-02	6.000E-05	-8.529E-01	1.267E+00	-2.077E+00	1.652E+00	-2.514E+00	2.081E+00
-4.000E-02	7.000E-05	-8.300E-01	1.478E+00	-2.036E+00	1.928E+00	-2.463E+00	2.427E+00
-4.000E-02	8.000E-05	-8.070E-01	1.689E+00	-1.994E+00	2.203E+00	-2.412E+00	2.774E+00
-4.000E-02	9.000E-05	-7.841E-01	1.900E+00	-1.952E+00	2.479E+00	-2.360E+00	3.121E+00
-4.000E-02	1.000E-04	-7.611E-01	2.111E+00	-1.911E+00	2.754E+00	-2.309E+00	3.468E+00
-4.000E-02	1.100E-04	-7.382E-01	2.323E+00	-1.869E+00	3.030E+00	-2.258E+00	3.814E+00
-4.000E-02	1.200E-04	-7.152E-01	2.534E+00	-1.828E+00	3.305E+00	-2.206E+00	4.161E+00
-4.000E-02	1.300E-04	-6.922E-01	2.745E+00	-1.786E+00	3.580E+00	-2.155E+00	4.508E+00
-4.000E-02	1.400E-04	-6.693E-01	2.956E+00	-1.745E+00	3.856E+00	-2.104E+00	4.855E+00
-4.000E-02	1.500E-04	-6.463E-01	3.167E+00	-1.703E+00	4.131E+00	-2.052E+00	5.202E+00
-4.000E-02	1.600E-04	-6.234E-01	3.378E+00	-1.662E+00	4.407E+00	-2.001E+00	5.548E+00
-4.000E-02	1.700E-04	-6.004E-01	3.589E+00	-1.620E+00	4.682E+00	-1.950E+00	5.895E+00
-4.000E-02	1.800E-04	-5.775E-01	3.801E+00	-1.578E+00	4.957E+00	-1.898E+00	6.242E+00
-4.000E-02	1.900E-04	-5.545E-01	4.012E+00	-1.537E+00	5.233E+00	-1.847E+00	6.589E+00
-4.000E-02	2.000E-04	-5.315E-01	4.223E+00	-1.495E+00	5.508E+00	-1.796E+00	6.935E+00
-4.000E-02	2.100E-04	-5.086E-01	4.434E+00	-1.454E+00	5.784E+00	-1.744E+00	7.282E+00
-4.000E-02	2.200E-04	-4.856E-01	4.645E+00	-1.412E+00	6.059E+00	-1.693E+00	7.629E+00
-4.000E-02	2.300E-04	-4.627E-01	4.856E+00	-1.371E+00	6.334E+00	-1.642E+00	7.976E+00
-4.000E-02	2.400E-04	-4.397E-01	5.067E+00	-1.329E+00	6.610E+00	-1.590E+00	8.322E+00
-4.000E-02	2.500E-04	-4.167E-01	5.279E+00	-1.287E+00	6.885E+00	-1.539E+00	8.669E+00
-4.000E-02	2.600E-04	-3.938E-01	5.490E+00	-1.246E+00	7.161E+00	-1.488E+00	9.016E+00
-4.000E-02	2.700E-04	-3.708E-01	5.701E+00	-1.204E+00	7.436E+00	-1.436E+00	9.363E+00
-4.000E-02	2.800E-04	-3.479E-01	5.912E+00	-1.163E+00	7.712E+00	-1.385E+00	9.709E+00
-4.000E-02	2.900E-04	-3.249E-01	6.123E+00	-1.121E+00	7.987E+00	-1.334E+00	1.006E+01
-4.000E-02	3.000E-04	-3.020E-01	6.334E+00	-1.080E+00	8.262E+00	-1.282E+00	1.040E+01
-4.000E-02	3.100E-04	-2.790E-01	6.545E+00	-1.038E+00	8.538E+00	-1.231E+00	1.075E+01
-4.000E-02	3.200E-04	-2.560E-01	6.757E+00	-9.966E-01	8.813E+00	-1.180E+00	1.110E+01
-4.000E-02	3.300E-04	-2.331E-01	6.968E+00	-9.550E-01	9.089E+00	-1.128E+00	1.144E+01
-4.000E-02	3.400E-04	-2.175E-01	7.102E+00	-9.134E-01	9.364E+00	-1.077E+00	1.179E+01
-4.000E-02	3.500E-04	-2.076E-01	7.179E+00	-8.719E-01	9.639E+00	-1.026E+00	1.214E+01
-4.000E-02	3.600E-04	-2.014E-01	7.219E+00	-8.303E-01	9.915E+00	-9.745E-01	1.248E+01
-4.000E-02	3.700E-04	-1.952E-01	7.259E+00	-7.888E-01	1.019E+01	-9.231E-01	1.283E+01
-4.000E-02	3.800E-04	-1.900E-01	7.290E+00	-7.472E-01	1.047E+01	-8.718E-01	1.318E+01
-4.000E-02	3.900E-04	-1.858E-01	7.312E+00	-7.056E-01	1.074E+01	-8.205E-01	1.352E+01
-4.000E-02	4.000E-04	-1.815E-01	7.334E+00	-6.641E-01	1.102E+01	-7.691E-01	1.387E+01
-4.000E-02	4.100E-04	-1.773E-01	7.356E+00	-6.225E-01	1.129E+01	-7.178E-01	1.422E+01
-4.000E-02	4.200E-04	-1.730E-01	7.378E+00	-5.810E-01	1.157E+01	-6.665E-01	1.456E+01
-4.000E-02	4.300E-04	-1.688E-01	7.400E+00	-5.394E-01	1.184E+01	-6.151E-01	1.491E+01
-4.000E-02	4.400E-04	-1.645E-01	7.422E+00	-4.978E-01	1.212E+01	-5.638E-01	1.526E+01
-4.000E-02	4.500E-04	-1.603E-01	7.444E+00	-4.563E-01	1.239E+01	-5.125E-01	1.560E+01
-4.000E-02	4.600E-04	-1.560E-01	7.466E+00	-4.147E-01	1.267E+01	-4.611E-01	1.595E+01
-4.000E-02	4.700E-04	-1.518E-01	7.488E+00	-3.732E-01	1.294E+01	-4.266E-01	1.617E+01
-4.000E-02	4.800E-04	-1.475E-01	7.510E+00	-3.400E-01	1.316E+01	-3.997E-01	1.634E+01
-4.000E-02	4.900E-04	-1.433E-01	7.533E+00	-3.179E-01	1.329E+01	-3.728E-01	1.650E+01
-4.000E-02	5.000E-04	-1.390E-01	7.555E+00	-2.959E-01	1.343E+01	-3.458E-01	1.667E+01
-4.000E-02	5.100E-04	-1.348E-01	7.577E+00	-2.738E-01	1.356E+01	-3.189E-01	1.683E+01
-4.000E-02	5.200E-04	-1.305E-01	7.599E+00	-2.518E-01	1.370E+01	-2.920E-01	1.700E+01
-4.000E-02	5.300E-04	-1.267E-01	7.618E+00	-2.376E-01	1.378E+01	-2.838E-01	1.704E+01
-4.000E-02	5.400E-04	-1.253E-01	7.621E+00	-2.332E-01	1.380E+01	-2.786E-01	1.706E+01
-4.000E-02	5.500E-04	-1.240E-01	7.625E+00	-2.288E-01	1.381E+01	-2.734E-01	1.708E+01
-4.000E-02	5.600E-04	-1.226E-01	7.628E+00	-2.244E-01	1.383E+01	-2.681E-01	1.710E+01
-4.000E-02	5.700E-04	-1.213E-01	7.631E+00	-2.201E-01	1.385E+01	-2.629E-01	1.713E+01
-4.000E-02	5.800E-04	-1.199E-01	7.634E+00	-2.157E-01	1.387E+01	-2.576E-01	1.715E+01
-4.000E-02	5.900E-04	-1.185E-01	7.637E+00	-2.118E-01	1.388E+01	-2.530E-01	1.716E+01
-4.000E-02	6.000E-04	-1.172E-01	7.641E+00	-2.088E-01	1.389E+01	-2.495E-01	1.718E+01
-4.000E-02	6.100E-04	-1.158E-01	7.644E+00	-2.058E-01	1.390E+01	-2.459E-01	1.719E+01
-4.000E-02	6.200E-04	-1.145E-01	7.647E+00	-2.028E-01	1.391E+01	-2.423E-01	1.720E+01
-4.000E-02	6.300E-04	-1.131E-01	7.650E+00	-1.998E-01	1.392E+01	-2.387E-01	1.721E+01
-4.000E-02	6.400E-04	-1.118E-01	7.653E+00	-1.968E-01	1.393E+01	-2.351E-01	1.722E+01
-4.000E-02	6.500E-04	-1.104E-01	7.657E+00	-1.937E-01	1.394E+01	-2.315E-01	1.724E+01
-4.000E-02	6.600E-04	-1.091E-01	7.660E+00	-1.907E-01	1.395E+01	-2.279E-01	1.725E+01
-4.000E-02	6.700E-04	-1.077E-01	7.663E+00	-1.877E-01	1.396E+01	-2.243E-01	1.726E+01
-4.000E-02	6.800E-04	-1.063E-01	7.666E+00	-1.847E-01	1.397E+01	-2.207E-01	1.727E+01
-4.000E-02	6.900E-04	-1.050E-01	7.669E+00	-1.817E-01	1.398E+01	-2.171E-01	1.728E+01
-4.000E-02	7.000E-04	-1.036E-01	7.673E+00	-1.787E-01	1.399E+01	-2.135E-01	1.730E+01
-4.000E-02	7.100E-04	-1.023E-01	7.676E+00	-1.757E-01	1.400E+01	-2.099E-01	1.731E+01
-4.000E-02	7.200E-04	-1.009E-01	7.679E+00	-1.727E-01	1.401E+01	-2.063E-01	1.732E+01
-4.000E-02	7.300E-04	-9.957E-02	7.682E+00	-1.696E-01	1.402E+01	-2.027E-01	1.733E+01
-4.000E-02	7.400E-04	-9.822E-02	7.685E+00	-1.666E-01	1.403E+01	-1.991E-01	1.734E+01
-4.000E-02	7.500E-04	-9.686E-02	7.688E+00	-1.636E-01	1.404E+01	-1.955E-01	1.736E+01
-4.000E-02	7.600E-04	-9.551E-02	7.692E+00	-1.606E-01	1.405E+01	-1.919E-01	1.737E+01
-4.000E-02	7.700E-04	-9.415E-02	7.695E+00	-1.576E-01	1.406E+01	-1.883E-01	1.738E+01
-4.000E-02	7.800E-04	-9.280E-02	7.698E+00	-1.546E-01	1.407E+01	-1.847E-01	1.739E+01
-4.000E-02	7.900E-04	-9.144E-02	7.701E+00	-1.516E-01	1.408E+01	-1.811E-01	1.740E+01
-4.000E-02	8.000E-04	-9.009E-02	7.704E+00	-1.486E-01	1.409E+01	-1.775E-01	1.742E+01
-4.000E-02	8.100E-04	-8.873E-02	7.708E+00	-1.455E-01	1.410E+01	-1.739E-01	1.743E+01
-4.000E-02	8.200E-04	-8.738E-02	7.711E+00	-1.425E-01	1.411E+01	-1.703E-01	1.744E+01
-4.000E-02	8.300E-04	-8.602E-02	7.714E+00	-1.402E-01	1.412E+01	-1.675E-01	1.745E+01
-4.000E-02	8.400E-04	-8.467E-02	7.717E+00	-1.393E-01	1.412E+01	-1.664E-01	1.745E+01
-4.000E-02	8.500E-04	-8.331E-02	7.720E+00	-1.383E-01	1.412E+01	-1.652E-01	1.745E+01
-4.000E-02	8.600E-04	-8.196E-02	7.724E+00	-1.374E-01	1.412E+01	-1.641E-01	1.745E+01
-4.000E-02	8.700E-04	-8.060E-02	7.727E+00	-1.364E-01	1.413E+01	-1.630E-01	1.746E+01
-4.000E-02	8.800E-04	-7.925E-02	7.730E+00	-1.354E-01	1.413E+01	-1.618E-01	1.746E+01
-4.000E-02	8.900E-04	-7.789E-02	7.733E+00	-1.345E-01	1.413E+01	-1.607E-01	1.746E+01
-4.000E-02	9.000E-04	-7.654E-02	7.736E+00	-1.335E-01	1.413E+01	-1.595E-01	1.746E+01
-4.000E-02	9.100E-04	-7.518E-02	7.739E+00	-1.326E-01	1.413E+01	-1.584E-01	1.746E+01
-4.000E-02	9.200E-04	-7.383E-02	7.743E+00	-1.316E-01	1.413E+01	-1.572E-01	1.746E+01
-4.000E-02	9.300E-04	-7.247E-02	7.746E+00	-1.306E-01	1.413E+01	-1.561E-01	1.747E+01
-4.000E-02	9.400E-04	-7.112E-02	7.749E+00	-1.297E-01	1.414E+01	-1.549E-01	1.747E+01
-4.000E-02	9.500E-04	-6.976E-02	7.752E+00	-1.287E-01	1.414E+01	-1.538E-01	1.747E+01
-4.000E-02	9.600E-04	-6.841E-02	7.755E+00	-1.278E-01	1.414E+01	-1.526E-01	1.747E+01
-4.000E-02	9.700E-04	-6.705E-02	7.759E+00	-1.268E-01	1.414E+01	-1.515E-01	1.747E+01
-4.000E-02	9.800E-04	-6.570E-02	7.762E+00	-1.258E-01	1.414E+01	-1.503E-01	1.747E+01
-4.000E-02	9.900E-04	-6.434E-02	7.765E+00	-1.249E-01	1.414E+01	-1.492E-01	1.748E+01
-4.000E-02	1.000E-03	-6.299E-02	7.768E+00	-1.239E-01	1.414E+01	-1.480E-01	1.748E+01
-4.000E-02	1.010E-03	-6.163E-02	7.771E+00	-1.230E-01	1.415E+01	-1.469E-01	1.748E+01
-4.000E-02	1.020E-03	-6.028E-02	7.775E+00	-1.220E-01	1.415E+01	-1.457E-01	1.748E+01
-4.000E-02	1.030E-03	-5.892E-02	7.778E+00	-1.210E-01	1.415E+01	-1.446E-01	1.748E+01
-4.000E-02	1.040E-03	-5.757E-02	7.781E+00	-1.201E-01	1.415E+01	-1.434E-01	1.748E+01
-4.000E-02	1.050E-03	-5.621E-02	7.784E+00	-1.191E-01	1.415E+01	-1.423E-01	1.749E+01
-4.000E-02	1.060E-03	-5.486E-02	7.787E+00	-1.182E-01	1.415E+01	-1.412E-01	1.749E+01
-4.000E-02	1.070E-03	-5.350E-02	7.791E+00	-1.172E-01	1.415E+01	-1.400E-01	1.749E+01
-4.000E-02	1.080E-03	-5.215E-02	7.794E+00	-1.162E-01	1.416E+01	-1.389E-01	1.749E+01
-4.000E-02	1.090E-03	-5.079E-02	7.797E+00	-1.153E-01	1.416E+01	-1.377E-01	1.749E+01
-4.000E-02	1.100E-03	-4.944E-02	7.800E+00	-1.143E-01	1.416E+01	-1.366E-01	1.749E+01
-4.000E-02	1.110E-03	-4.808E-02	7.803E+00	-1.134E-01	1.416E+01	-1.354E-01	1.750E+01
-4.000E-02	1.120E-03	-4.673E-02	7.806E+00	-1.124E-01	1.416E+01	-1.343E-01	1.750E+01
-4.000E-02	1.130E-03	-4.537E-02	7.810E+00	-1.114E-01	1.416E+01	-1.331E-01	1.750E+01
-4.000E-02	1.140E-03	-4.402E-02	7.813E+00	-1.105E-01	1.416E+01	-1.320E-01	1.750E+01
-4.000E-02	1.150E-03	-4.266E-02	7.816E+00	-1.095E-01	1.417E+01	-1.308E-01	1.750E+01
-4.000E-02	1.160E-03	-4.131E-02	7.819E+00	-1.085E-01	1.417E+01	-1.297E-01	1.751E+01
-4.000E-02	1.170E-03	-3.995E-02	7.822E+00	-1.076E-01	1.417E+01	-1.285E-01	1.751E+01
-4.000E-02	1.180E-03	-3.860E-02	7.826E+00	-1.066E-01	1.417E+01	-1.274E-01	1.751E+01
-4.000E-02	1.190E-03	-3.724E-02	7.829E+00	-1.057E-01	1.417E+01	-1.262E-01	1.751E+01
-4.000E-02	1.200E-03	-3.589E-02	7.832E+00	-1.047E-01	1.417E+01	-1.251E-01	1.751E+01
-4.000E-02	1.210E-03	-3.453E-02	7.835E+00	-1.037E-01	1.417E+01	-1.239E-01	1.751E+01
-4.000E-02	1.220E-03	-3.318E-02	7.838E+00	-1.028E-01	1.418E+01	-1.228E-01	1.752E+01
-4.000E-02	1.230E-03	-3.182E-02	7.842E+00	-1.018E-01	1.418E+01	-1.216E-01	1.752E+01
-4.000E-02	1.240E-03	-3.047E-02	7.845E+00	-1.009E-01	1.418E+01	-1.205E-01	1.752E+01
-4.000E-02	1.250E-03	-2.911E-02	7.848E+00	-9.991E-02	1.418E+01	-1.193E-01	1.752E+01
-4.000E-02	1.260E-03	-2.776E-02	7.851E+00	-9.894E-02	1.418E+01	-1.182E-01	1.752E+01
-4.000E-02	1.270E-03	-2.640E-02	7.854E+00	-9.798E-02	1.418E+01	-1.171E-01	1.752E+01
-4.000E-02	1.280E-03	-2.505E-02	7.857E+00	-9.702E-02	1.419E+01	-1.159E-01	1.753E+01
-4.000E-02	1.290E-03	-2.369E-02	7.861E+00	-9.606E-02	1.419E+01	-1.148E-01	1.753E+01
-4.000E-02	1.300E-03	-2.234E-02	7.864E+00	-9.510E-02	1.419E+01	-1.136E-01	1.753E+01
-4.000E-02	1.310E-03	-2.098E-02	7.867E+00	-9.414E-02	1.419E+01	-1.125E-01	1.753E+01
-4.000E-02	1.320E-03	-1.963E-02	7.870E+00	-9.318E-02	1.419E+01	-1.113E-01	1.753E+01
-4.000E-02	1.330E-03	-1.827E-02	7.873E+00	-9.222E-02	1.419E+01	-1.102E-01	1.753E+01
-4.000E-02	1.340E-03	-1.692E-02	7.877E+00	-9.126E-02	1.419E+01	-1.090E-01	1.754E+01
-4.000E-02	1.350E-03	-1.556E-02	7.880E+00	-9.030E-02	1.420E+01	-1.079E-01	1.754E+01
-4.000E-02	1.360E-03	-1.421E-02	7.883E+00	-8.934E-02	1.420E+01	-1.067E-01	1.754E+01
-4.000E-02	1.370E-03	-1.285E-02	7.886E+00	-8.838E-02	1.420E+01	-1.056E-01	1.754E+01
-4.000E-02	1.380E-03	-1.150E-02	7.889E+00	-8.742E-02	1.420E+01	-1.044E-01	1.754E+01
-4.000E-02	1.390E-03	-1.014E-02	7.893E+00	-8.646E-02	1.420E+01	-1.033E-01	1.754E+01
-4.000E-02	1.400E-03	-8.790E-03	7.896E+00	-8.550E-02	1.420E+01	-1.021E-01	1.755E+01
-4.000E-02	1.410E-03	-7.435E-03	7.899E+00	-8.454E-02	1.420E+01	-1.010E-01	1.755E+01
-4.000E-02	1.420E-03	-6.080E-03	7.902E+00	-8.358E-02	1.421E+01	-9.984E-02	1.755E+01
-4.000E-02	1.430E-03	-4.725E-03	7.905E+00	-8.262E-02	1.421E+01	-9.870E-02	1.755E+01
-4.000E-02	1.440E-03	-3.370E-03	7.909E+00	-8.166E-02	1.421E+01	-9.755E-02	1.755E+01
-4.000E-02	1.450E-03	-2.015E-03	7.912E+00	-8.070E-02	1.421E+01	-9.640E-02	1.756E+01
-4.000E-02	1.460E-03	-6.601E-04	7.915E+00	-7.974E-02	1.421E+01	-9.525E-02	1.756E+01
-4.000E-02	1.470E-03	0.000E+00	7.916E+00	-7.877E-02	1.421E+01	-9.411E-02	1.756E+01
-4.000E-02	1.480E-03	0.000E+00	7.916E+00	-7.781E-02	1.421E+01	-9.296E-02	1.756E+01
-4.000E-02	1.490E-03	0.000E+00	7.916E+00	-7.685E-02	1.422E+01	-9.181E-02	1.756E+01
-4.000E-02	1.500E-03	0.000E+00	7.916E+00	-7.589E-02	1.422E+01	-9.066E-02	1.756E+01
-4.000E-02	1.510E-03	0.000E+00	7.916E+00	-7.493E-02	1.422E+01	-8.952E-02	1.757E+01
-4.000E-02	1.520E-03	0.000E+00	7.916E+00	-7.397E-02	1.422E+01	-8.837E-02	1.757E+01
-4.000E-02	1.530E-03	0.000E+00	7.916E+00	-7.301E-02	1.422E+01	-8.722E-02	1.757E+01
-4.000E-02	1.540E-03	0.000E+00	7.916E+00	-7.205E-02	1.422E+01	-8.607E-02	1.757E+01
-4.000E-02	1.550E-03	0.000E+00	7.916E+00	-7.109E-02	1.422E+01	-8.493E-02	1.757E+01
-4.000E-02	1.560E-03	0.000E+00	7.916E+00	-7.013E-02	1.423E+01	-8.378E-02	1.757E+01
-4.000E-02	1.570E-03	0.000E+00	7.916E+00	-6.917E-02	1.423E+01	-8.263E-02	1.758E+01
-4.000E-02	1.580E-03	0.000E+00	7.916E+00	-6.821E-02	1.423E+01	-8.149E-02	1.758E+01
-4.000E-02	1.590E-03	0.000E+00	7.916E+00	-6.725E-02	1.423E+01	-8.034E-02	1.758E+01
-4.000E-02	1.600E-03	0.000E+00	7.916E+00	-6.629E-02	1.423E+01	-7.919E-02	1.758E+01
-4.000E-02	1.610E-03	0.000E+00	7.916E+00	-6.533E-02	1.423E+01	-7.804E-02	1.758E+01
-4.000E-02	1.620E-03	0.000E+00	7.916E+00	-6.437E-02	1.423E+01	-7.690E-02	1.758E+01
-4.000E-02	1.630E-03	0.000E+00	7.916E+00	-6.341E-02	1.424E+01	-7.575E-02	1.759E+01
-4.000E-02	1.640E-03	0.000E+00	7.916E+00	-6.245E-02	1.424E+01	-7.460E-02	1.759E+01
-4.000E-02	1.650E-03	0.000E+00	7.916E+00	-6.149E-02	1.424E+01	-7.345E-02	1.759E+01
-4.000E-02	1.660E-03	0.000E+00	7.916E+00	-6.053E-02	1.424E+01	-7.231E-02	1.759E+01
-4.000E-02	1.670E-03	0.000E+00	7.916E+00	-5.957E-02	1.424E+01	-7.116E-02	1.759E+01
-4.000E-02	1.680E-03	0.000E+00	7.916E+00	-5.860E-02	1.424E+01	-7.001E-02	1.760E+01
-4.000E-02	1.690E-03	0.000E+00	7.916E+00	-5.764E-02	1.424E+01	-6.886E-02	1.760E+01
-4.000E-02	1.700E-03	0.000E+00	7.916E+00	-5.668E-02	1.425E+01	-6.772E-02	1.760E+01
-4.000E-02	1.710E-03	0.000E+00	7.916E+00	-5.572E-02	1.425E+01	-6.657E-02	1.760E+01
-4.000E-02	1.720E-03	0.000E+00	7.916E+00	-5.476E-02	1.425E+01	-6.542E-02	1.760E+01
-4.000E-02	1.730E-03	0.000E+00	7.916E+00	-5.380E-02	1.425E+01	-6.427E-02	1.760E+01
-4.000E-02	1.740E-03	0.000E+00	7.916E+00	-5.284E-02	1.425E+01	-6.313E-02	1.761E+01
-4.000E-02	1.750E-03	0.000E+00	7.916E+00	-5.188E-02	1.425E+01	-6.198E-02	1.761E+01
-4.000E-02	1.760E-03	0.000E+00	7.916E+00	-5.092E-02	1.425E+01	-6.083E-02	1.761E+01
-4.000E-02	1.770E-03	0.000E+00	7.916E+00	-4.996E-02	1.426E+01	-5.968E-02	1.761E+01
-4.000E-02	1.780E-03	0.000E+00	7.916E+00	-4.900E-02	1.426E+01	-5.854E-02	1.761E+01
-4.000E-02	1.790E-03	0.000E+00	7.916E+00	-4.804E-02	1.426E+01	-5.739E-02	1.761E+01
-4.000E-02	1.800E-03	0.000E+00	7.916E+00	-4.708E-02	1.426E+01	-5.624E-02	1.762E+01
-4.000E-02	1.810E-03	0.000E+00	7.916E+00	-4.612E-02	1.426E+01	-5.509E-02	1.762E+01
-4.000E-02	1.820E-03	0.000E+00	7.916E+00	-4.516E-02	1.426E+01	-5.395E-02	1.762E+01
-4.000E-02	1.830E-03	0.000E+00	7.916E+00	-4.420E-02	1.426E+01	-5.280E-02	1.762E+01
-4.000E-02	1.840E-03	0.000E+00	7.916E+00	-4.324E-02	1.427E+01	-5.165E-02	1.762E+01
-4.000E-02	1.850E-03	0.000E+00	7.916E+00	-4.228E-02	1.427E+01	-5.051E-02	1.762E+01
-4.000E-02	1.860E-03	0.000E+00	7.916E+00	-4.132E-02	1.427E+01	-4.936E-02	1.763E+01
-4.000E-02	1.870E-03	0.000E+00	7.916E+00	-4.036E-02	1.427E+01	-4.821E-02	1.763E+01
-4.000E-02	1.880E-03	0.000E+00	7.916E+00	-3.940E-02	1.427E+01	-4.706E-02	1.763E+01
-4.000E-02	1.890E-03	0.000E+00	7.916E+00	-3.843E-02	1.427E+01	-4.592E-02	1.763E+01
-4.000E-02	1.900E-03	0.000E+00	7.916E+00	-3.747E-02	1.427E+01	-4.477E-02	1.763E+01
-4.000E-02	1.910E-03	0.000E+00	7.916E+00	-3.651E-02	1.428E+01	-4.362E-02	1.763E+01
-4.000E-02	1.920E-03	0.000E+00	7.916E+00	-3.555E-02	1.428E+01	-4.247E-02	1.764E+01
-4.000E-02	1.930E-03	0.000E+00	7.916E+00	-3.459E-02	1.428E+01	-4.133E-02	1.764E+01
-4.000E-02	1.940E-03	0.000E+00	7.916E+00	-3.363E-02	1.428E+01	-4.018E-02	1.764E+01
-4.000E-02	1.950E-03	0.000E+00	7.916E+00	-3.267E-02	1.428E+01	-3.903E-02	1.764E+01
-4.000E-02	1.960E-03	0.000E+00	7.916E+00	-3.171E-02	1.428E+01	-3.788E-02	1.764E+01
-4.000E-02	1.970E-03	0.000E+00	7.916E+00	-3.075E-02	1.428E+01	-3.674E-02	1.765E+01
-4.000E-02	1.980E-03	0.000E+00	7.916E+00	-2.979E-02	1.429E+01	-3.559E-02	1.765E+01
-4.000E-02	1.990E-03	0.000E+00	7.916E+00	-2.883E-02	1.429E+01	-3.444E-02	1.765E+01
-4.000E-02	2.000E-03	0.000E+00	7.916E+00	-2.787E-02	1.429E+01	-3.329E-02	1.765E+01
